Strike,Net GEX,Abs Gamma,Call OI,Put OI,Total OI,OI Imbalance,Gamma,Volatility,Call Delta,Put Delta,Delta Spread,Straddle,Vega,Theta,Level Strength,Gradient Width,Break Score,Resistance Score,Side
NaN,NaN,NaN,NaN,NaN,NaN,NaN,NaN,NaN,NaN,NaN,NaN,NaN,NaN,NaN,NaN,NaN,NaN,NaN,NaN
FP -31
1.3000,-49129893.7500,49955606.2500,1,120,121,-0.983471,6.60570000,9.6900,0.960000,-0.040000,1.000000,0.022300,0.000100,-0.000100,15.11,0.00084,47.02,5.29,ACCELERATION
1.3050,-307102593.7500,311542631.2500,3,418,421,-0.985748,11.84010000,9.1400,0.930000,-0.070000,1.000000,0.017700,0.000200,-0.000200,17.58,0.00089,49.85,6.15,ACCELERATION
1.3100,-674617800.0000,778786725.0000,42,586,628,-0.866242,19.84170000,8.2600,0.870000,-0.130000,1.000000,0.013300,0.000300,-0.000300,20.39,0.00095,50.57,7.14,ACCELERATION
1.3150,-824878075.0000,828882337.5000,1,413,414,-0.995169,32.03410000,7.4200,0.770000,-0.230000,1.000000,0.009500,0.000400,-0.000400,22.79,0.00101,55.86,7.98,ACCELERATION
1.3175,-2102346750.0000,2121880750.0000,4,865,869,-0.990794,39.06800000,7.0300,0.690000,-0.310000,1.000000,0.008000,0.000500,-0.000500,31.89,0.00116,65.02,11.16,ACCELERATION
1.3200,-543191793.7500,3300510543.7500,500,697,1197,-0.164578,44.11710000,6.8600,0.590000,-0.410000,1.000000,0.007200,0.000500,-0.000500,26.69,0.00112,43.45,9.34,ACCELERATION
1.3225,-620461325.0000,626342475.0000,1,212,213,-0.990610,47.04920000,6.5700,0.470000,-0.530000,1.000000,0.006800,0.000500,-0.000500,23.29,0.00106,56.72,8.15,ACCELERATION
1.3250,-7455559387.5000,8757014737.5000,234,2915,3149,-0.851381,44.49420000,6.5100,0.360000,-0.640000,1.000000,0.007100,0.000500,-0.000500,69.22,0.00168,100.00,24.23,ACCELERATION
1.3300,-3993296268.7500,4312459581.2500,85,2212,2297,-0.925990,30.03890000,6.3700,0.160000,-0.840000,1.000000,0.009500,0.000300,-0.000300,43.96,0.00129,76.56,15.39,ACCELERATION
1.3325,-652424118.7500,795670931.2500,55,556,611,-0.819967,20.83590000,6.1700,0.090000,-0.910000,1.000000,0.011300,0.000200,-0.000200,19.36,0.00091,50.00,6.78,ACCELERATION
1.3350,-2237826937.5000,2484028662.5000,151,2896,3047,-0.900886,13.04380000,6.1500,0.050000,-0.950000,1.000000,0.013400,0.000100,-0.000100,33.43,0.00113,65.84,11.70,ACCELERATION
1.3375,374815700.0000,677919212.5000,1101,317,1418,0.552891,7.64930000,6.2100,0.030000,-0.970000,1.000000,0.015800,0.000100,-0.000100,16.81,0.00086,29.80,16.81,RESIST/SUPPORT
1.3400,-1247332900.0000,1870612700.0000,806,4032,4838,-0.666804,6.18640000,7.0400,0.020000,-0.980000,1.000000,0.018300,0.000100,-0.000100,31.40,0.00116,59.43,10.99,ACCELERATION
1.3425,58109625.0000,275697887.5000,517,337,854,0.210773,5.16530000,7.8600,0.020000,-0.980000,1.000000,0.020800,0.000100,-0.000100,11.58,0.00079,21.96,11.58,RESIST/SUPPORT
1.3450,-530592206.2500,636102993.7500,191,2112,2303,-0.834129,4.41930000,8.6900,0.020000,-0.980000,1.000000,0.023300,0.000100,-0.000100,21.26,0.00097,52.94,7.44,ACCELERATION
