Strike,Net GEX,Abs Gamma,Call OI,Put OI,Total OI,OI Imbalance,Gamma,Volatility,Call Delta,Put Delta,Delta Spread,Straddle,Vega,Theta,Level Strength,Gradient Width,Break Score,Resistance Score,Side
NaN,NaN,NaN,NaN,NaN,NaN,NaN,NaN,NaN,NaN,NaN,NaN,NaN,NaN,NaN,NaN,NaN,NaN,NaN,NaN
FP -46
1.3000,-60417862.5000,61477825.0000,1,115,116,-0.982759,8.47970000,7.4600,0.920000,-0.070000,0.990000,0.024700,0.000300,-0.000100,15.79,0.00086,46.88,5.53,ACCELERATION
1.3050,-323663687.5000,328343162.5000,3,418,421,-0.985748,12.47860000,7.2300,0.880000,-0.120000,1.000000,0.020500,0.000400,-0.000200,19.56,0.00094,50.99,6.85,ACCELERATION
1.3100,-279285000.0000,370215000.0000,42,300,342,-0.754386,17.32000000,7.0100,0.810000,-0.190000,1.000000,0.016800,0.000600,-0.000200,18.92,0.00096,46.01,6.62,ACCELERATION
1.3150,-587256412.5000,590093400.0000,1,415,416,-0.995192,22.69590000,6.6500,0.720000,-0.280000,1.000000,0.013700,0.000700,-0.000200,24.07,0.00105,56.26,8.42,ACCELERATION
1.3175,-698998625.0000,698998625.0000,0,443,443,-1.000000,25.24600000,6.4800,0.670000,-0.330000,1.000000,0.012500,0.000800,-0.000300,25.67,0.00109,58.10,8.98,ACCELERATION
1.3200,-312614156.2500,2002420406.2500,500,685,1185,-0.156118,27.03690000,6.4200,0.600000,-0.400000,1.000000,0.011700,0.000900,-0.000300,26.12,0.00112,41.82,9.14,ACCELERATION
1.3250,-5305925093.7500,5400771468.7500,26,2935,2961,-0.982438,29.18350000,6.1200,0.460000,-0.540000,1.000000,0.010900,0.000900,-0.000300,70.26,0.00169,100.00,24.59,ACCELERATION
1.3300,-3768893900.0000,3785970900.0000,5,2212,2217,-0.995489,27.32320000,5.8300,0.310000,-0.690000,1.000000,0.011600,0.000800,-0.000200,54.89,0.00147,87.95,19.21,ACCELERATION
1.3325,-847762500.0000,850817500.0000,1,556,557,-0.996409,24.44000000,5.8300,0.250000,-0.750000,1.000000,0.012700,0.000700,-0.000200,26.44,0.00108,59.65,9.25,ACCELERATION
1.3350,-3804570000.0000,3944599312.5000,53,2933,2986,-0.964501,21.13650000,5.7200,0.190000,-0.810000,1.000000,0.014000,0.000600,-0.000200,55.23,0.00145,87.95,19.33,ACCELERATION
1.3375,-341510325.0000,354561675.0000,6,320,326,-0.963190,17.40180000,5.6600,0.140000,-0.860000,1.000000,0.015600,0.000500,-0.000100,19.68,0.00094,52.52,6.89,ACCELERATION
1.3400,-3436044587.5000,4829830162.5000,806,4780,5586,-0.711421,13.83410000,5.7100,0.100000,-0.900000,1.000000,0.017600,0.000400,-0.000100,59.25,0.00153,87.19,20.74,ACCELERATION
1.3425,-208708400.0000,240714800.0000,24,337,361,-0.867036,10.66880000,5.7500,0.070000,-0.930000,1.000000,0.019700,0.000300,-0.000100,16.42,0.00086,47.62,5.75,ACCELERATION
1.3450,-1029411950.0000,1115746450.0000,85,2112,2197,-0.922622,8.12560000,5.8500,0.050000,-0.950000,1.000000,0.021900,0.000200,-0.000100,26.96,0.00103,59.42,9.44,ACCELERATION
1.3475,114185575.0000,287915775.0000,574,248,822,0.396594,5.60420000,5.7400,0.030000,-0.970000,1.000000,0.024200,0.000200,0.000000,13.15,0.00080,25.36,13.15,RESIST/SUPPORT
1.3500,186135862.5000,563874862.5000,1509,760,2269,0.330101,3.97620000,5.8000,0.020000,-0.980000,1.000000,0.026600,0.000100,0.000000,16.95,0.00088,25.12,16.95,RESIST/SUPPORT
1.3525,69250350.0000,73689475.0000,322,10,332,0.939759,3.55130000,6.2900,0.020000,-0.980000,1.000000,0.029100,0.000100,0.000000,14.08,0.00080,36.74,14.08,RESIST/SUPPORT
1.3550,-107640150.0000,458776950.0000,1344,2168,3512,-0.234624,2.09010000,6.0600,0.010000,-0.990000,1.000000,0.031500,0.000100,0.000000,18.06,0.00093,37.32,6.32,ACCELERATION
1.3600,197886650.0000,609291150.0000,3718,1895,5613,0.324782,1.73680000,6.9400,0.010000,-0.990000,1.000000,0.036500,0.000100,0.000000,24.23,0.00108,27.41,24.23,RESIST/SUPPORT
1.3625,33339543.7500,33339543.7500,333,0,333,1.000000,1.60190000,7.3900,0.010000,-0.990000,1.000000,0.039000,0.000100,0.000000,14.18,0.00081,38.54,14.18,RESIST/SUPPORT
