Strike,Net GEX,Abs Gamma,Call OI,Put OI,Total OI,OI Imbalance,Gamma,Volatility,Call Delta,Put Delta,Delta Spread,Straddle,Vega,Theta,Level Strength,Gradient Width,Break Score,Resistance Score,Side
NaN,NaN,NaN,NaN,NaN,NaN,NaN,NaN,NaN,NaN,NaN,NaN,NaN,NaN,NaN,NaN,NaN,NaN,NaN,NaN
FP -35
1.3000,-87362362.5000,88830637.5000,1,120,121,-0.983471,11.74620000,9.5400,0.870000,-0.130000,1.000000,0.022400,0.000400,-0.000300,17.11,0.00091,48.20,5.99,ACCELERATION
1.3050,-408795400.0000,414691487.5000,3,419,422,-0.985782,15.72290000,9.0100,0.810000,-0.190000,1.000000,0.018500,0.000500,-0.000300,21.77,0.00099,53.20,7.62,ACCELERATION
1.3100,-682608693.7500,788205618.7500,42,585,627,-0.866029,20.11370000,8.6600,0.730000,-0.270000,1.000000,0.015400,0.000600,-0.000400,25.56,0.00107,54.89,8.95,ACCELERATION
1.3150,-633898050.0000,636975225.0000,1,413,414,-0.995169,24.61740000,8.1100,0.630000,-0.370000,1.000000,0.012800,0.000700,-0.000400,26.09,0.00110,58.28,9.13,ACCELERATION
1.3175,-719548312.5000,719548312.5000,0,445,445,-1.000000,25.87140000,8.0400,0.570000,-0.430000,1.000000,0.012300,0.000700,-0.000400,27.27,0.00112,59.69,9.54,ACCELERATION
1.3200,-293394450.0000,1979569450.0000,500,674,1174,-0.148211,26.97880000,7.8200,0.500000,-0.500000,1.000000,0.011800,0.000800,-0.000400,27.50,0.00114,43.04,9.63,ACCELERATION
1.3250,-4715736718.7500,4856798756.2500,43,2918,2961,-0.970956,26.24410000,7.5800,0.370000,-0.630000,1.000000,0.012100,0.000700,-0.000400,69.96,0.00167,100.00,24.49,ACCELERATION
1.3300,-3049011881.2500,3062827068.7500,5,2212,2217,-0.995489,22.10430000,7.4700,0.240000,-0.760000,1.000000,0.014000,0.000600,-0.000300,51.05,0.00140,84.10,17.87,ACCELERATION
1.3325,-607186750.0000,729826450.0000,51,556,607,-0.831960,19.23760000,7.4800,0.190000,-0.810000,1.000000,0.015400,0.000500,-0.000300,23.73,0.00102,53.66,8.31,ACCELERATION
1.3350,-2902352587.5000,3060773512.5000,78,2936,3014,-0.948242,16.24830000,7.4600,0.150000,-0.850000,1.000000,0.017100,0.000400,-0.000200,49.90,0.00137,82.29,17.46,ACCELERATION
1.3375,-260975212.5000,270948787.5000,6,320,326,-0.963190,13.29810000,7.4600,0.110000,-0.890000,1.000000,0.019000,0.000400,-0.000200,18.53,0.00091,51.37,6.49,ACCELERATION
1.3400,-2481352987.5000,3554874462.5000,806,4532,5338,-0.698014,10.65530000,7.5300,0.080000,-0.920000,1.000000,0.021000,0.000300,-0.000100,51.95,0.00142,79.62,18.18,ACCELERATION
1.3425,-131710556.2500,233610081.2500,94,337,431,-0.563805,8.67230000,7.8000,0.070000,-0.930000,1.000000,0.023300,0.000200,-0.000100,14.29,0.00083,39.43,5.00,ACCELERATION
1.3450,-827688000.0000,993225600.0000,192,2112,2304,-0.833333,6.89740000,7.9600,0.050000,-0.950000,1.000000,0.025600,0.000200,-0.000100,26.13,0.00102,56.80,9.15,ACCELERATION
1.3475,105921475.0000,267078075.0000,574,248,822,0.396594,5.19860000,7.9600,0.040000,-0.960000,1.000000,0.027900,0.000100,-0.000100,13.31,0.00081,25.40,13.31,RESIST/SUPPORT
1.3500,157589600.0000,477397600.0000,1509,760,2269,0.330101,3.36640000,7.6300,0.020000,-0.980000,1.000000,0.030200,0.000100,0.000000,16.76,0.00088,25.08,16.76,RESIST/SUPPORT
1.3525,58149000.0000,61876500.0000,322,10,332,0.939759,2.98200000,8.1500,0.020000,-0.980000,1.000000,0.032700,0.000100,0.000000,14.01,0.00080,36.73,14.01,RESIST/SUPPORT
1.3550,-137221750.0000,584857750.0000,1344,2168,3512,-0.234624,2.66450000,8.6700,0.020000,-0.980000,1.000000,0.035200,0.000100,0.000000,19.28,0.00095,38.54,6.75,ACCELERATION
1.3600,249033193.7500,766770881.2500,3718,1895,5613,0.324782,2.18570000,9.7000,0.020000,-0.980000,1.000000,0.040200,0.000100,0.000000,25.70,0.00110,27.78,25.70,RESIST/SUPPORT
1.3625,41666625.0000,41666625.0000,333,0,333,1.000000,2.00200000,10.2200,0.020000,-0.980000,1.000000,0.042700,0.000100,0.000000,14.44,0.00082,38.61,14.44,RESIST/SUPPORT
