Strike,Net GEX,Abs Gamma,Call OI,Put OI,Total OI,OI Imbalance,Gamma,Volatility,Call Delta,Put Delta,Delta Spread,Straddle,Vega,Theta,Level Strength,Gradient Width,Break Score,Resistance Score,Side
NaN,NaN,NaN,NaN,NaN,NaN,NaN,NaN,NaN,NaN,NaN,NaN,NaN,NaN,NaN,NaN,NaN,NaN,NaN,NaN
FP -37
1.3000,-46166031.2500,46968918.7500,1,116,117,-0.982906,6.42310000,8.3300,0.950000,-0.050000,1.000000,0.027500,0.000200,-0.000100,15.99,0.00087,47.53,5.60,ACCELERATION
1.3050,-245684400.0000,249227925.0000,3,419,422,-0.985782,9.44940000,7.7700,0.920000,-0.080000,1.000000,0.022900,0.000300,-0.000100,18.46,0.00091,50.35,6.46,ACCELERATION
1.3100,-474327468.7500,547704093.7500,42,585,627,-0.866029,13.97650000,7.4000,0.870000,-0.130000,1.000000,0.018700,0.000400,-0.000200,20.80,0.00097,50.60,7.28,ACCELERATION
1.3150,-507357593.7500,509814531.2500,1,414,415,-0.995181,19.65550000,7.1100,0.800000,-0.200000,1.000000,0.015100,0.000600,-0.000200,22.20,0.00101,54.88,7.77,ACCELERATION
1.3175,-629755656.2500,629755656.2500,0,445,445,-1.000000,22.64290000,6.9700,0.750000,-0.250000,1.000000,0.013600,0.000600,-0.000300,23.80,0.00105,56.72,8.33,ACCELERATION
1.3200,-279794375.0000,1878619375.0000,500,675,1175,-0.148936,25.58120000,6.8000,0.690000,-0.310000,1.000000,0.012200,0.000700,-0.000300,23.55,0.00108,39.59,8.24,ACCELERATION
1.3250,-5480698318.7500,5693910618.7500,56,2935,2991,-0.962554,30.45890000,6.4100,0.560000,-0.440000,1.000000,0.010400,0.000800,-0.000300,67.18,0.00165,99.80,23.51,ACCELERATION
1.3300,-4226046362.5000,4245194737.5000,5,2212,2217,-0.995489,30.63740000,6.2500,0.400000,-0.600000,1.000000,0.010400,0.000800,-0.000300,55.49,0.00150,89.06,19.42,ACCELERATION
1.3325,-992811750.0000,996389450.0000,1,556,557,-0.996409,28.62160000,6.2400,0.330000,-0.670000,1.000000,0.011100,0.000700,-0.000300,27.60,0.00112,61.34,9.66,ACCELERATION
1.3350,-4613058000.0000,4782844162.5000,53,2933,2986,-0.964501,25.62810000,6.2700,0.260000,-0.740000,1.000000,0.012200,0.000700,-0.000200,58.76,0.00152,92.01,20.57,ACCELERATION
1.3375,-436344212.5000,453019787.5000,6,320,326,-0.963190,22.23410000,6.2200,0.200000,-0.800000,1.000000,0.013500,0.000600,-0.000200,21.25,0.00100,54.62,7.44,ACCELERATION
1.3400,-4588132025.0000,6449246475.0000,806,4780,5586,-0.711421,18.47260000,6.2700,0.150000,-0.850000,1.000000,0.015200,0.000500,-0.000200,66.31,0.00165,94.79,23.21,ACCELERATION
1.3425,-291088043.7500,335727743.7500,24,337,361,-0.867036,14.87990000,6.3300,0.110000,-0.890000,1.000000,0.017100,0.000400,-0.000100,18.04,0.00091,49.79,6.32,ACCELERATION
1.3450,-1487856006.2500,1612639193.7500,85,2112,2197,-0.922622,11.74430000,6.4400,0.080000,-0.920000,1.000000,0.019200,0.000300,-0.000100,30.51,0.00110,63.52,10.68,ACCELERATION
1.3475,175801612.5000,443278912.5000,574,248,822,0.396594,8.62830000,6.3200,0.050000,-0.940000,0.990000,0.021300,0.000200,-0.000100,14.72,0.00085,26.31,14.72,RESIST/SUPPORT
1.3500,298214350.0000,903402350.0000,1509,760,2269,0.330101,6.37040000,6.3900,0.040000,-0.960000,1.000000,0.023600,0.000200,-0.000100,19.04,0.00094,26.21,19.04,RESIST/SUPPORT
1.3525,78824850.0000,83877725.0000,322,10,332,0.939759,4.04230000,6.1900,0.020000,-0.980000,1.000000,0.025900,0.000100,0.000000,14.59,0.00081,37.44,14.59,RESIST/SUPPORT
