Strike,Net GEX,Abs Gamma,Call OI,Put OI,Total OI,OI Imbalance,Gamma,Volatility,Call Delta,Put Delta,Delta Spread,Straddle,Vega,Theta,Level Strength,Gradient Width,Break Score,Resistance Score,Side
NaN,NaN,NaN,NaN,NaN,NaN,NaN,NaN,NaN,NaN,NaN,NaN,NaN,NaN,NaN,NaN,NaN,NaN,NaN,NaN
FP -25
1.3050,-126091687.5000,127959712.5000,3,408,411,-0.985401,4.98140000,9.2600,0.980000,-0.020000,1.000000,0.016800,0.000000,0.000000,14.89,0.00082,47.28,5.21,ACCELERATION
1.3100,-517929250.0000,600016150.0000,42,572,614,-0.863192,15.63560000,8.9500,0.940000,-0.060000,1.000000,0.012100,0.000100,-0.000200,16.79,0.00087,47.05,5.88,ACCELERATION
1.3125,-235321987.5000,235321987.5000,0,159,159,-1.000000,23.68020000,8.2600,0.910000,-0.090000,1.000000,0.009800,0.000100,-0.000300,15.84,0.00086,48.98,5.54,ACCELERATION
1.3150,-1213662493.7500,1218149231.2500,1,542,543,-0.996317,35.89390000,8.2200,0.830000,-0.170000,1.000000,0.007900,0.000200,-0.000500,21.69,0.00098,54.91,7.59,ACCELERATION
1.3175,-3010642800.0000,3035320200.0000,4,980,984,-0.991870,49.35480000,7.8100,0.740000,-0.260000,1.000000,0.006300,0.000300,-0.000800,30.97,0.00114,64.26,10.84,ACCELERATION
1.3200,105446812.5000,3799990687.5000,500,473,973,0.027749,62.48700000,7.2900,0.610000,-0.390000,1.000000,0.005100,0.000300,-0.001000,21.55,0.00105,19.55,21.55,RESIST/SUPPORT
1.3225,-792057131.2500,1282169831.2500,56,237,293,-0.617747,70.01610000,6.7000,0.440000,-0.560000,1.000000,0.004500,0.000300,-0.000900,21.36,0.00104,47.48,7.48,ACCELERATION
1.3250,-10420987468.7500,12740304756.2500,291,2906,3197,-0.817954,63.76130000,6.0200,0.260000,-0.740000,1.000000,0.004900,0.000300,-0.000600,68.42,0.00165,98.70,23.95,ACCELERATION
1.3300,-2807846600.0000,3385604300.0000,207,2219,2426,-0.829349,22.32880000,6.2900,0.060000,-0.940000,1.000000,0.008600,0.000100,-0.000100,30.37,0.00107,61.19,10.63,ACCELERATION
1.3325,-438975062.5000,665414687.5000,114,556,670,-0.659701,15.89050000,7.7800,0.050000,-0.950000,1.000000,0.011100,0.000100,-0.000100,15.03,0.00084,42.61,5.26,ACCELERATION
1.3350,-1323882862.5000,1852558537.5000,482,2896,3378,-0.714624,8.77470000,8.0400,0.030000,-0.970000,1.000000,0.013400,0.000100,-0.000100,25.37,0.00105,54.20,8.88,ACCELERATION
1.3375,229699312.5000,412192250.0000,1115,317,1432,0.557263,4.60550000,8.3000,0.010000,-0.990000,1.000000,0.015900,0.000000,0.000000,14.73,0.00084,29.52,14.73,RESIST/SUPPORT
1.3400,-467431256.2500,703110881.2500,810,4023,4833,-0.664804,2.32770000,8.5600,0.010000,-0.990000,1.000000,0.018300,0.000000,0.000000,24.84,0.00108,52.98,8.69,ACCELERATION
1.3425,13023237.5000,61252150.0000,519,337,856,0.212617,1.14490000,8.8200,0.000000,-1.000000,1.000000,0.020800,0.000000,0.000000,10.41,0.00077,21.86,10.41,RESIST/SUPPORT
