Strike,Net GEX,Abs Gamma,Call OI,Put OI,Total OI,OI Imbalance,Gamma,Volatility,Call Delta,Put Delta,Delta Spread,Straddle,Vega,Theta,Level Strength,Gradient Width,Break Score,Resistance Score,Side
NaN,NaN,NaN,NaN,NaN,NaN,NaN,NaN,NaN,NaN,NaN,NaN,NaN,NaN,NaN,NaN,NaN,NaN,NaN,NaN
FP -55
1.3100,-256851900.0000,340478100.0000,42,300,342,-0.754386,15.92880000,6.4800,0.840000,-0.160000,1.000000,0.017500,0.000600,-0.000200,18.52,0.00096,45.61,6.48,ACCELERATION
1.3150,-559019025.0000,561719600.0000,1,415,416,-0.995192,21.60460000,6.1400,0.760000,-0.240000,1.000000,0.014100,0.000700,-0.000200,23.97,0.00105,56.16,8.39,ACCELERATION
1.3175,-673683943.7500,673683943.7500,0,443,443,-1.000000,24.33170000,6.0500,0.700000,-0.300000,1.000000,0.012800,0.000800,-0.000200,25.73,0.00109,58.16,9.01,ACCELERATION
1.3200,-311824350.0000,1991652300.0000,501,687,1188,-0.156566,26.82360000,5.9200,0.640000,-0.360000,1.000000,0.011800,0.000900,-0.000200,26.08,0.00112,41.78,9.13,ACCELERATION
1.3250,-3266736787.5000,3278040375.0000,3,1737,1740,-0.996552,30.14290000,5.6300,0.500000,-0.500000,1.000000,0.010500,0.000900,-0.000200,53.94,0.00147,86.73,18.88,ACCELERATION
1.3300,-3974977612.5000,3996600337.5000,6,2212,2218,-0.994590,28.83030000,5.4700,0.350000,-0.650000,1.000000,0.011000,0.000900,-0.000200,60.90,0.00155,93.94,21.32,ACCELERATION
1.3325,-917695375.0000,920996437.5000,1,557,558,-0.996416,26.40850000,5.4300,0.280000,-0.720000,1.000000,0.011900,0.000800,-0.000200,28.27,0.00112,61.49,9.90,ACCELERATION
1.3350,-4200804106.2500,4355363368.7500,53,2934,2987,-0.964513,23.32970000,5.3000,0.210000,-0.790000,1.000000,0.013000,0.000700,-0.000200,63.25,0.00156,95.97,22.14,ACCELERATION
1.3375,-382936737.5000,397571262.5000,6,320,326,-0.963190,19.51270000,5.2200,0.160000,-0.840000,1.000000,0.014500,0.000600,-0.000100,20.81,0.00097,53.65,7.28,ACCELERATION
1.3400,-3878318443.7500,5453854806.2500,807,4780,5587,-0.711115,15.61870000,5.2400,0.110000,-0.890000,1.000000,0.016300,0.000500,-0.000100,67.81,0.00164,95.75,23.73,ACCELERATION
1.3425,-235874843.7500,272047343.7500,24,337,361,-0.867036,12.05750000,5.2600,0.080000,-0.920000,1.000000,0.018400,0.000300,-0.000100,17.15,0.00088,48.35,6.00,ACCELERATION
1.3450,-1158824200.0000,1250070200.0000,80,2112,2192,-0.927007,9.12460000,5.3300,0.060000,-0.940000,1.000000,0.020600,0.000300,-0.000100,29.39,0.00107,61.93,10.29,ACCELERATION
1.3475,127502675.0000,321494475.0000,574,248,822,0.396594,6.25780000,5.2200,0.030000,-0.960000,0.990000,0.022800,0.000200,0.000000,13.51,0.00081,25.45,13.51,RESIST/SUPPORT
1.3500,204500406.2500,619507906.2500,1509,760,2269,0.330101,4.36850000,5.2600,0.020000,-0.980000,1.000000,0.025200,0.000100,0.000000,17.47,0.00089,25.26,17.47,RESIST/SUPPORT
1.3525,74080500.0000,78829250.0000,322,10,332,0.939759,3.79900000,5.7000,0.020000,-0.980000,1.000000,0.027700,0.000100,0.000000,14.21,0.00080,36.78,14.21,RESIST/SUPPORT
1.3550,-112668700.0000,480929700.0000,1345,2168,3513,-0.234273,2.19040000,5.4800,0.010000,-0.990000,1.000000,0.030100,0.000100,0.000000,18.26,0.00093,37.52,6.39,ACCELERATION
1.3600,197248600.0000,607326600.0000,3718,1895,5613,0.324782,1.73120000,6.2600,0.010000,-0.990000,1.000000,0.035100,0.000100,0.000000,24.38,0.00108,27.45,24.38,RESIST/SUPPORT
1.3625,32538262.5000,32538262.5000,333,0,333,1.000000,1.56340000,6.6500,0.010000,-0.990000,1.000000,0.037500,0.000100,0.000000,14.18,0.00081,38.54,14.18,RESIST/SUPPORT
