Strike,Net GEX,Abs Gamma,Call OI,Put OI,Total OI,OI Imbalance,Gamma,Volatility,Call Delta,Put Delta,Delta Spread,Straddle,Vega,Theta,Level Strength,Gradient Width,Break Score,Resistance Score,Side
NaN,NaN,NaN,NaN,NaN,NaN,NaN,NaN,NaN,NaN,NaN,NaN,NaN,NaN,NaN,NaN,NaN,NaN,NaN,NaN
FP -41
1.3175,-579707062.5000,579707062.5000,0,445,445,-1.000000,20.84340000,6.9700,0.760000,-0.240000,1.000000,0.014600,0.000700,-0.000200,23.15,0.00104,55.58,8.10,ACCELERATION
1.3200,-258878593.7500,1738184843.7500,500,675,1175,-0.148936,23.66890000,6.7900,0.710000,-0.290000,1.000000,0.013200,0.000700,-0.000300,22.27,0.00106,37.82,7.79,ACCELERATION
1.3250,-5048470450.0000,5244868050.0000,56,2935,2991,-0.962554,28.05680000,6.5500,0.590000,-0.410000,1.000000,0.011300,0.000800,-0.000300,64.20,0.00162,96.31,22.47,ACCELERATION
1.3300,-4084494900.0000,4103001900.0000,5,2212,2217,-0.995489,29.61120000,6.2900,0.440000,-0.560000,1.000000,0.010700,0.000800,-0.000300,54.99,0.00149,88.04,19.25,ACCELERATION
1.3325,-983883187.5000,987428712.5000,1,556,557,-0.996409,28.36420000,6.2800,0.370000,-0.630000,1.000000,0.011200,0.000800,-0.000300,27.83,0.00113,61.05,9.74,ACCELERATION
1.3350,-4763142000.0000,4938452087.5000,53,2933,2986,-0.964501,26.46190000,6.1900,0.300000,-0.700000,1.000000,0.011900,0.000700,-0.000200,60.85,0.00156,93.57,21.30,ACCELERATION
1.3375,-460530062.5000,478129937.5000,6,320,326,-0.963190,23.46650000,6.2200,0.240000,-0.760000,1.000000,0.013100,0.000700,-0.000200,21.90,0.00102,54.74,7.67,ACCELERATION
1.3400,-5031903637.5000,7073028112.5000,806,4780,5586,-0.711421,20.25930000,5.9900,0.170000,-0.830000,1.000000,0.014300,0.000500,-0.000200,70.73,0.00170,98.68,24.76,ACCELERATION
1.3425,-324041075.0000,373734275.0000,24,337,361,-0.867036,16.56440000,6.0100,0.130000,-0.870000,1.000000,0.016100,0.000400,-0.000100,18.65,0.00093,49.84,6.53,ACCELERATION
1.3450,-1691506162.5000,1833369037.5000,85,2112,2197,-0.922622,13.35180000,6.2000,0.100000,-0.900000,1.000000,0.018200,0.000400,-0.000100,32.46,0.00112,64.91,11.36,ACCELERATION
1.3475,212105787.5000,534818887.5000,574,248,822,0.396594,10.41010000,6.2600,0.070000,-0.930000,1.000000,0.020300,0.000300,-0.000100,15.29,0.00086,25.90,15.29,RESIST/SUPPORT
1.3500,342971781.2500,1038989281.2500,1509,760,2269,0.330101,7.32650000,6.0400,0.040000,-0.950000,0.990000,0.022400,0.000200,-0.000100,19.33,0.00093,25.72,19.33,RESIST/SUPPORT
1.3525,120607500.0000,128338750.0000,322,10,332,0.939759,6.18500000,6.5100,0.040000,-0.960000,1.000000,0.024900,0.000200,-0.000100,15.04,0.00083,36.98,15.04,RESIST/SUPPORT
1.3550,-272805800.0000,1162735400.0000,1344,2168,3512,-0.234624,5.29720000,6.9800,0.040000,-0.960000,1.000000,0.027400,0.000200,-0.000100,21.29,0.00100,40.56,7.45,ACCELERATION
1.3600,460717675.0000,1418545425.0000,3718,1895,5613,0.324782,4.04360000,7.9100,0.030000,-0.970000,1.000000,0.032400,0.000100,-0.000100,27.83,0.00114,28.31,27.83,RESIST/SUPPORT
1.3625,74754337.5000,74754337.5000,333,0,333,1.000000,3.59180000,8.3700,0.030000,-0.970000,1.000000,0.034800,0.000100,-0.000100,15.00,0.00084,38.75,15.00,RESIST/SUPPORT
