Strike,Net GEX,Abs Gamma,Call OI,Put OI,Total OI,OI Imbalance,Gamma,Volatility,Call Delta,Put Delta,Delta Spread,Straddle,Vega,Theta,Level Strength,Gradient Width,Break Score,Resistance Score,Side
NaN,NaN,NaN,NaN,NaN,NaN,NaN,NaN,NaN,NaN,NaN,NaN,NaN,NaN,NaN,NaN,NaN,NaN,NaN,NaN
FP -21
1.3150,-233375037.5000,233375037.5000,0,542,542,-1.000000,6.88930000,8.7100,0.990000,-0.010000,1.000000,0.009200,0.000000,0.000000,16.30,0.00086,50.17,5.71,ACCELERATION
1.3175,-1428196875.0000,1428196875.0000,0,980,980,-1.000000,23.31750000,8.5400,0.960000,-0.040000,1.000000,0.006800,0.000000,-0.000100,20.73,0.00095,54.76,7.25,ACCELERATION
1.3200,-1479580818.7500,1479580818.7500,0,421,421,-1.000000,56.23110000,7.9900,0.870000,-0.130000,1.000000,0.004700,0.000100,-0.000200,19.93,0.00095,54.12,6.97,ACCELERATION
1.3225,-1609741031.2500,1609741031.2500,0,237,237,-1.000000,108.67450000,6.9300,0.700000,-0.300000,1.000000,0.002900,0.000200,-0.000600,22.28,0.00104,56.64,7.80,ACCELERATION
1.3250,-22289275593.7500,22289275593.7500,0,2885,2885,-1.000000,123.61470000,6.8100,0.400000,-0.600000,1.000000,0.002600,0.000200,-0.000900,73.63,0.00181,100.00,25.77,ACCELERATION
1.3300,-2188974156.2500,2188974156.2500,0,2219,2219,-1.000000,15.78350000,5.9900,0.020000,-0.980000,1.000000,0.005800,0.000000,0.000000,26.14,0.00104,60.98,9.15,ACCELERATION
1.3325,-53956325.0000,53956325.0000,0,556,556,-1.000000,1.55270000,5.9900,0.000000,-1.000000,1.000000,0.008300,0.000000,0.000000,14.97,0.00081,49.97,5.24,ACCELERATION
