Strike,Net GEX,Abs Gamma,Call OI,Put OI,Total OI,OI Imbalance,Gamma,Volatility,Call Delta,Put Delta,Delta Spread,Straddle,Vega,Theta,Level Strength,Gradient Width,Break Score,Resistance Score,Side
NaN,NaN,NaN,NaN,NaN,NaN,NaN,NaN,NaN,NaN,NaN,NaN,NaN,NaN,NaN,NaN,NaN,NaN,NaN,NaN
FP -28
1.3100,-330120437.5000,382441412.5000,42,572,614,-0.863192,9.96590000,8.4300,0.960000,-0.040000,1.000000,0.015900,0.000100,-0.000100,16.86,0.00088,47.12,5.90,ACCELERATION
1.3150,-554193993.7500,556753781.2500,1,434,435,-0.995402,20.47830000,7.3600,0.910000,-0.090000,1.000000,0.011300,0.000200,-0.000200,18.68,0.00092,51.89,6.54,ACCELERATION
1.3175,-1810333600.0000,1825172400.0000,4,980,984,-0.991870,29.67760000,7.3800,0.850000,-0.150000,1.000000,0.009400,0.000300,-0.000400,26.32,0.00106,59.61,9.21,ACCELERATION
1.3200,70255850.0000,2438881650.0000,500,472,972,0.028807,40.14620000,6.8900,0.770000,-0.230000,1.000000,0.007600,0.000300,-0.000500,18.62,0.00099,18.84,18.62,RESIST/SUPPORT
1.3225,-490220250.0000,842173250.0000,56,212,268,-0.582090,50.27900000,6.6500,0.670000,-0.330000,1.000000,0.006300,0.000400,-0.000600,19.40,0.00101,44.81,6.79,ACCELERATION
1.3250,-9412845600.0000,11500603275.0000,291,2915,3206,-0.818465,57.39540000,6.3800,0.540000,-0.460000,1.000000,0.005500,0.000400,-0.000600,69.47,0.00170,99.76,24.31,ACCELERATION
1.3300,-6660359156.2500,7153719093.7500,79,2212,2291,-0.931034,49.96050000,5.7500,0.240000,-0.760000,1.000000,0.006200,0.000300,-0.000400,52.10,0.00143,84.95,18.24,ACCELERATION
1.3325,-1088369268.7500,1327332581.2500,55,556,611,-0.819967,34.75830000,5.6600,0.130000,-0.870000,1.000000,0.007700,0.000200,-0.000300,21.69,0.00097,52.48,7.59,ACCELERATION
1.3350,-2969753043.7500,4117519156.2500,469,2896,3365,-0.721248,19.57810000,5.5000,0.060000,-0.940000,1.000000,0.009700,0.000100,-0.000100,35.47,0.00117,64.43,12.41,ACCELERATION
1.3375,520699987.5000,934388950.0000,1115,317,1432,0.557263,10.44010000,5.7200,0.030000,-0.970000,1.000000,0.012000,0.000100,-0.000100,17.26,0.00088,30.15,17.26,RESIST/SUPPORT
1.3400,-1082302837.5000,1623118762.5000,806,4032,4838,-0.666804,5.36790000,5.9700,0.010000,-0.990000,1.000000,0.014500,0.000000,0.000000,28.57,0.00111,56.75,10.00,ACCELERATION
1.3425,30540737.5000,143642150.0000,519,337,856,0.212617,2.68490000,6.2100,0.010000,-0.990000,1.000000,0.016900,0.000000,0.000000,10.87,0.00076,21.97,10.87,RESIST/SUPPORT
