Strike,Net GEX,Abs Gamma,Call OI,Put OI,Total OI,OI Imbalance,Gamma,Volatility,Call Delta,Put Delta,Delta Spread,Straddle,Vega,Theta,Level Strength,Gradient Width,Break Score,Resistance Score,Side
NaN,NaN,NaN,NaN,NaN,NaN,NaN,NaN,NaN,NaN,NaN,NaN,NaN,NaN,NaN,NaN,NaN,NaN,NaN,NaN
FP -25
1.3000,-60645375.0000,61664625.0000,1,120,121,-0.983471,8.15400000,8.2900,0.950000,-0.050000,1.000000,0.020500,0.000100,-0.000100,15.40,0.00085,47.44,5.39,ACCELERATION
1.3050,-372817843.7500,378207981.2500,3,418,421,-0.985748,14.37370000,7.7400,0.910000,-0.090000,1.000000,0.015900,0.000200,-0.000200,18.59,0.00091,50.98,6.51,ACCELERATION
1.3100,-813212000.0000,938781500.0000,42,586,628,-0.866242,23.91800000,7.3200,0.830000,-0.170000,1.000000,0.012000,0.000400,-0.000300,22.57,0.00100,52.89,7.90,ACCELERATION
1.3150,-920034625.0000,924500812.5000,1,413,414,-0.995169,35.72950000,6.7000,0.700000,-0.300000,1.000000,0.008800,0.000500,-0.000400,24.81,0.00107,58.02,8.69,ACCELERATION
1.3175,-2246375906.2500,2267248156.2500,4,865,869,-0.990794,41.74450000,6.3100,0.610000,-0.390000,1.000000,0.007600,0.000600,-0.000400,34.88,0.00122,68.15,12.21,ACCELERATION
1.3200,-545300925.0000,3313325925.0000,500,697,1197,-0.164578,44.28840000,6.1800,0.500000,-0.500000,1.000000,0.007200,0.000600,-0.000400,28.30,0.00116,45.20,9.91,ACCELERATION
1.3225,-586172506.2500,591728643.7500,1,212,213,-0.990610,44.44910000,5.9100,0.390000,-0.610000,1.000000,0.007200,0.000600,-0.000400,23.48,0.00107,57.06,8.22,ACCELERATION
1.3250,-6690686843.7500,7858624718.7500,234,2915,3149,-0.851381,39.92950000,5.7500,0.280000,-0.720000,1.000000,0.007800,0.000500,-0.000300,68.73,0.00166,99.68,24.06,ACCELERATION
1.3300,-3075176718.7500,3320959531.2500,85,2212,2297,-0.925990,23.13250000,5.5300,0.110000,-0.890000,1.000000,0.010800,0.000300,-0.000200,39.94,0.00123,72.68,13.98,ACCELERATION
1.3325,-470936868.7500,574336181.2500,55,556,611,-0.819967,15.03990000,5.5100,0.060000,-0.940000,1.000000,0.012900,0.000200,-0.000100,17.95,0.00088,48.73,6.28,ACCELERATION
1.3350,-1555557187.5000,1726696812.5000,151,2896,3047,-0.900886,9.06700000,5.5500,0.030000,-0.970000,1.000000,0.015200,0.000100,-0.000100,30.23,0.00109,62.78,10.58,ACCELERATION
1.3375,232000300.0000,419612787.5000,1101,317,1418,0.552891,4.73470000,5.4900,0.020000,-0.980000,1.000000,0.017600,0.000100,0.000000,15.77,0.00084,29.69,15.77,RESIST/SUPPORT
1.3400,-408996312.5000,613367687.5000,806,4032,4838,-0.666804,2.02850000,5.3600,0.010000,-0.990000,1.000000,0.020000,0.000000,0.000000,25.81,0.00107,53.99,9.03,ACCELERATION
1.3425,20317500.0000,96395250.0000,517,337,854,0.210773,1.80600000,6.0200,0.010000,-0.990000,1.000000,0.022500,0.000000,0.000000,10.79,0.00076,21.91,10.79,RESIST/SUPPORT
