Strike,Net GEX,Abs Gamma,Call OI,Put OI,Total OI,OI Imbalance,Gamma,Volatility,Call Delta,Put Delta,Delta Spread,Straddle,Vega,Theta,Level Strength,Gradient Width,Break Score,Resistance Score,Side
NaN,NaN,NaN,NaN,NaN,NaN,NaN,NaN,NaN,NaN,NaN,NaN,NaN,NaN,NaN,NaN,NaN,NaN,NaN,NaN
FP -33.29
3850.0000,-110.5000,110.9000,2,1107,1109,-0.996393,0.00100000,23.9900,0.910000,-0.080000,0.990000,398.000000,1.780000,-0.715000,28.61,0.00111,63.54,10.01,ACCELERATION
3900.0000,-180.9000,181.7000,4,1813,1817,-0.995597,0.00100000,22.9900,0.890000,-0.100000,0.990000,354.700000,2.143000,-0.828000,35.90,0.00121,70.69,12.56,ACCELERATION
4000.0000,-355.4000,363.0000,38,3592,3630,-0.979063,0.00100000,21.3700,0.820000,-0.170000,0.990000,276.600000,3.068000,-1.107000,54.50,0.00149,88.72,19.08,ACCELERATION
4050.0000,-109.3000,183.1000,369,1462,1831,-0.596942,0.00100000,20.7200,0.770000,-0.220000,0.990000,243.900000,3.586000,-1.258000,29.08,0.00113,55.53,10.18,ACCELERATION
4100.0000,-162.9000,228.3000,327,1956,2283,-0.713535,0.00100000,20.2200,0.710000,-0.290000,1.000000,217.400000,4.083000,-1.399000,35.04,0.00121,63.71,12.27,ACCELERATION
4125.0000,-34.6000,56.6000,110,456,566,-0.611307,0.00100000,19.9800,0.680000,-0.320000,1.000000,206.600000,4.301000,-1.457000,18.21,0.00096,44.76,6.37,ACCELERATION
4150.0000,-258.8000,478.8000,550,1844,2394,-0.540518,0.00200000,19.7800,0.640000,-0.360000,1.000000,198.000000,4.488000,-1.505000,50.10,0.00147,75.18,17.53,ACCELERATION
4200.0000,-156.4000,361.6000,513,1295,1808,-0.432522,0.00200000,19.5000,0.560000,-0.440000,1.000000,187.500000,4.737000,-1.566000,39.21,0.00133,62.01,13.72,ACCELERATION
4250.0000,-115.8000,279.0000,408,987,1395,-0.415054,0.00200000,19.3200,0.470000,-0.520000,0.990000,186.300000,4.780000,-1.563000,33.65,0.00124,55.97,11.78,ACCELERATION
4275.0000,-64.0000,112.8000,122,442,564,-0.567376,0.00200000,19.2800,0.430000,-0.570000,1.000000,189.400000,4.719000,-1.539000,25.24,0.00112,50.55,8.83,ACCELERATION
4300.0000,-144.4000,837.6000,1733,2455,4188,-0.172397,0.00200000,19.2700,0.390000,-0.610000,1.000000,194.800000,4.607000,-1.499000,56.09,0.00161,73.44,19.63,ACCELERATION
4325.0000,13.6000,119.2000,332,264,596,0.114094,0.00200000,19.2600,0.350000,-0.650000,1.000000,202.200000,4.448000,-1.453000,20.06,0.00106,21.14,20.06,RESIST/SUPPORT
4350.0000,-85.6000,341.6000,640,1068,1708,-0.250585,0.00200000,19.2700,0.310000,-0.690000,1.000000,211.700000,4.248000,-1.387000,33.86,0.00126,52.65,11.85,ACCELERATION
4375.0000,-29.9000,56.5000,133,432,565,-0.529204,0.00100000,19.2900,0.280000,-0.720000,1.000000,223.100000,4.016000,-1.313000,17.80,0.00095,42.11,6.23,ACCELERATION
4400.0000,-8.4000,439.8000,2157,2241,4398,-0.019100,0.00100000,19.3500,0.240000,-0.750000,0.990000,236.300000,3.761000,-1.232000,34.21,0.00128,48.25,11.97,ACCELERATION
4425.0000,0.7000,62.3000,315,308,623,0.011236,0.00100000,19.4000,0.210000,-0.780000,0.990000,251.000000,3.489000,-1.145000,13.50,0.00089,17.20,13.50,RESIST/SUPPORT
4450.0000,27.1000,210.9000,1190,919,2109,0.128497,0.00100000,19.4500,0.190000,-0.810000,1.000000,267.100000,3.208000,-1.054000,23.92,0.00107,22.09,23.92,RESIST/SUPPORT
4475.0000,37.6000,57.4000,475,99,574,0.655052,0.00100000,19.5300,0.160000,-0.830000,0.990000,284.500000,2.928000,-0.964000,19.60,0.00096,31.48,19.60,RESIST/SUPPORT
4495.0000,46.4000,52.0000,492,28,520,0.892308,0.00100000,19.6000,0.140000,-0.850000,0.990000,299.300000,2.707000,-0.894000,21.41,0.00098,36.62,21.41,RESIST/SUPPORT
4500.0000,185.6000,258.8000,2222,366,2588,0.717156,0.00100000,19.6200,0.140000,-0.860000,1.000000,303.100000,2.652000,-0.876000,39.41,0.00127,37.61,39.41,RESIST/SUPPORT
4550.0000,44.6000,130.4000,875,429,1304,0.342025,0.00100000,19.8800,0.100000,-0.890000,0.990000,343.100000,2.146000,-0.716000,22.54,0.00102,25.77,22.54,RESIST/SUPPORT
4600.0000,387.5000,426.7000,4071,196,4267,0.908132,0.00100000,20.2100,0.080000,-0.910000,0.990000,385.900000,1.710000,-0.578000,61.96,0.00159,46.82,61.96,RESIST/SUPPORT
