Strike,Net GEX,Abs Gamma,Call OI,Put OI,Total OI,OI Imbalance,Gamma,Volatility,Call Delta,Put Delta,Delta Spread,Straddle,Vega,Theta,Level Strength,Gradient Width,Break Score,Resistance Score,Side
NaN,NaN,NaN,NaN,NaN,NaN,NaN,NaN,NaN,NaN,NaN,NaN,NaN,NaN,NaN,NaN,NaN,NaN,NaN,NaN
FP -28.85
3850.0000,-146.8000,147.2000,2,1470,1472,-0.997283,0.00100000,24.1000,0.910000,-0.080000,0.990000,375.400000,1.608000,-0.749000,30.51,0.00113,65.46,10.68,ACCELERATION
3900.0000,-180.4000,181.2000,4,1808,1812,-0.995585,0.00100000,23.0900,0.890000,-0.100000,0.990000,332.100000,1.972000,-0.883000,33.47,0.00117,68.26,11.71,ACCELERATION
3975.0000,-52.1000,52.1000,0,521,521,-1.000000,0.00100000,21.8400,0.840000,-0.160000,1.000000,272.700000,2.654000,-1.130000,20.97,0.00098,55.66,7.34,ACCELERATION
4000.0000,-328.4000,410.0000,408,3692,4100,-0.800976,0.00100000,21.4900,0.820000,-0.180000,1.000000,254.900000,2.908000,-1.220000,49.94,0.00143,80.59,17.48,ACCELERATION
4050.0000,-152.5000,226.7000,371,1896,2267,-0.672695,0.00100000,20.8600,0.760000,-0.240000,1.000000,223.400000,3.423000,-1.399000,31.88,0.00116,59.85,11.16,ACCELERATION
4100.0000,-323.6000,460.0000,341,1959,2300,-0.703478,0.00200000,20.4000,0.690000,-0.310000,1.000000,198.900000,3.900000,-1.561000,50.04,0.00145,78.50,17.51,ACCELERATION
4125.0000,-58.4000,119.6000,153,445,598,-0.488294,0.00200000,20.2200,0.650000,-0.340000,0.990000,189.700000,4.098000,-1.626000,23.68,0.00110,47.77,8.29,ACCELERATION
4150.0000,-322.0000,542.8000,552,2162,2714,-0.593220,0.00200000,20.0800,0.610000,-0.390000,1.000000,182.900000,4.257000,-1.679000,52.33,0.00149,78.46,18.31,ACCELERATION
4175.0000,-69.6000,116.8000,118,466,584,-0.595890,0.00200000,19.9800,0.570000,-0.430000,1.000000,178.500000,4.369000,-1.714000,24.78,0.00111,50.91,8.67,ACCELERATION
4200.0000,-73.4000,457.0000,959,1326,2285,-0.160613,0.00200000,19.9000,0.520000,-0.470000,0.990000,176.400000,4.428000,-1.729000,34.73,0.00128,52.08,12.15,ACCELERATION
4250.0000,-32.4000,353.6000,803,965,1768,-0.091629,0.00200000,19.8700,0.430000,-0.560000,0.990000,180.300000,4.377000,-1.708000,28.67,0.00119,44.53,10.03,ACCELERATION
4275.0000,-50.4000,124.0000,184,436,620,-0.406452,0.00200000,19.8700,0.390000,-0.610000,1.000000,185.600000,4.271000,-1.666000,23.15,0.00109,45.24,8.10,ACCELERATION
4300.0000,-89.4000,873.0000,1959,2406,4365,-0.102405,0.00200000,19.9000,0.350000,-0.650000,1.000000,193.300000,4.118000,-1.608000,50.78,0.00153,66.74,17.77,ACCELERATION
4325.0000,37.6000,144.0000,454,266,720,0.261111,0.00200000,19.9600,0.310000,-0.690000,1.000000,203.200000,3.927000,-1.538000,22.57,0.00109,24.71,22.57,RESIST/SUPPORT
4350.0000,-29.5000,173.9000,722,1017,1739,-0.169638,0.00100000,20.0600,0.270000,-0.720000,0.990000,215.200000,3.706000,-1.457000,20.68,0.00101,37.86,7.24,ACCELERATION
4375.0000,7.5000,91.7000,496,421,917,0.081788,0.00100000,20.1500,0.240000,-0.760000,1.000000,228.800000,3.462000,-1.366000,15.21,0.00092,19.16,15.21,RESIST/SUPPORT
4400.0000,60.5000,506.7000,2836,2231,5067,0.119400,0.00100000,20.2600,0.210000,-0.790000,1.000000,244.000000,3.206000,-1.270000,38.54,0.00133,25.68,38.54,RESIST/SUPPORT
4425.0000,24.5000,93.1000,588,343,931,0.263158,0.00100000,20.4300,0.180000,-0.810000,0.990000,260.800000,2.948000,-1.176000,17.47,0.00095,23.23,17.47,RESIST/SUPPORT
4450.0000,26.4000,210.0000,1182,918,2100,0.125714,0.00100000,20.5700,0.160000,-0.840000,1.000000,278.700000,2.689000,-1.078000,22.67,0.00105,21.72,22.67,RESIST/SUPPORT
4475.0000,39.4000,58.8000,491,97,588,0.670068,0.00100000,20.7200,0.140000,-0.860000,1.000000,297.500000,2.435000,-0.981000,19.39,0.00096,31.73,19.39,RESIST/SUPPORT
4495.0000,47.7000,53.1000,504,27,531,0.898305,0.00100000,20.9200,0.120000,-0.870000,0.990000,313.700000,2.252000,-0.915000,21.04,0.00098,36.65,21.04,RESIST/SUPPORT
4500.0000,215.1000,288.7000,2519,368,2887,0.745064,0.00100000,20.9400,0.120000,-0.870000,0.990000,317.600000,2.202000,-0.895000,39.88,0.00127,38.29,39.88,RESIST/SUPPORT
4525.0000,30.4000,51.8000,411,107,518,0.586873,0.00100000,21.1900,0.100000,-0.890000,0.990000,338.500000,1.987000,-0.815000,18.42,0.00095,29.70,18.42,RESIST/SUPPORT
4550.0000,81.8000,168.0000,1249,431,1680,0.486905,0.00100000,21.3900,0.090000,-0.900000,0.990000,359.700000,1.778000,-0.735000,26.24,0.00107,29.59,26.24,RESIST/SUPPORT
4600.0000,448.2000,487.4000,4678,196,4874,0.919573,0.00100000,21.9700,0.070000,-0.920000,0.990000,404.100000,1.435000,-0.607000,63.09,0.00161,47.33,63.09,RESIST/SUPPORT
