Strike,Net GEX,Abs Gamma,Call OI,Put OI,Total OI,OI Imbalance,Gamma,Volatility,Call Delta,Put Delta,Delta Spread,Straddle,Vega,Theta,Level Strength,Gradient Width,Break Score,Resistance Score,Side
NaN,NaN,NaN,NaN,NaN,NaN,NaN,NaN,NaN,NaN,NaN,NaN,NaN,NaN,NaN,NaN,NaN,NaN,NaN,NaN
FP -28.01
3850.0000,-146.7000,147.1000,2,1469,1471,-0.997281,0.00100000,22.9800,0.910000,-0.080000,0.990000,331.800000,1.534000,-0.772000,32.13,0.00115,67.07,11.24,ACCELERATION
3900.0000,-124.6000,125.4000,4,1250,1254,-0.993620,0.00100000,22.0000,0.880000,-0.110000,0.990000,289.100000,1.934000,-0.936000,29.51,0.00111,64.26,10.33,ACCELERATION
3975.0000,-54.1000,54.1000,0,541,541,-1.000000,0.00100000,20.9100,0.820000,-0.180000,1.000000,232.400000,2.687000,-1.245000,21.66,0.00099,56.35,7.58,ACCELERATION
4000.0000,-329.1000,410.7000,408,3699,4107,-0.801315,0.00100000,20.6100,0.790000,-0.210000,1.000000,216.100000,2.956000,-1.352000,53.87,0.00149,84.53,18.86,ACCELERATION
4050.0000,-295.2000,443.2000,370,1846,2216,-0.666065,0.00200000,20.1200,0.720000,-0.280000,1.000000,188.800000,3.472000,-1.555000,51.14,0.00147,78.98,17.90,ACCELERATION
4100.0000,-368.0000,505.2000,343,2183,2526,-0.728424,0.00200000,19.7800,0.630000,-0.360000,0.990000,170.200000,3.885000,-1.713000,57.98,0.00156,86.94,20.29,ACCELERATION
4125.0000,-61.2000,122.0000,152,458,610,-0.501639,0.00200000,19.6800,0.590000,-0.410000,1.000000,164.700000,4.023000,-1.765000,24.67,0.00111,49.03,8.63,ACCELERATION
4150.0000,-311.2000,533.2000,555,2111,2666,-0.583646,0.00200000,19.6200,0.540000,-0.460000,1.000000,162.000000,4.104000,-1.795000,54.97,0.00153,80.91,19.24,ACCELERATION
4175.0000,-58.2000,109.8000,129,420,549,-0.530055,0.00200000,19.5800,0.490000,-0.510000,1.000000,161.900000,4.124000,-1.800000,24.25,0.00111,49.06,8.49,ACCELERATION
4200.0000,-72.8000,449.6000,942,1306,2248,-0.161922,0.00200000,19.5700,0.440000,-0.560000,1.000000,164.400000,4.081000,-1.781000,35.58,0.00129,52.96,12.45,ACCELERATION
4250.0000,-15.0000,372.6000,894,969,1863,-0.040258,0.00200000,19.6400,0.350000,-0.650000,1.000000,177.300000,3.827000,-1.675000,28.78,0.00120,43.61,10.07,ACCELERATION
4275.0000,-50.6000,123.4000,182,435,617,-0.410049,0.00200000,19.7200,0.310000,-0.690000,1.000000,187.400000,3.630000,-1.594000,23.92,0.00110,46.09,8.37,ACCELERATION
4300.0000,-85.0000,876.2000,1978,2403,4381,-0.097010,0.00200000,19.8100,0.270000,-0.730000,1.000000,199.400000,3.401000,-1.498000,52.37,0.00156,68.21,18.33,ACCELERATION
4325.0000,27.6000,79.4000,535,259,794,0.347607,0.00100000,19.8800,0.230000,-0.770000,1.000000,213.200000,3.145000,-1.388000,17.62,0.00095,25.20,17.62,RESIST/SUPPORT
4330.0000,-5.2000,50.6000,227,279,506,-0.102767,0.00100000,19.9100,0.220000,-0.770000,0.990000,216.200000,3.093000,-1.367000,13.33,0.00089,29.22,4.67,ACCELERATION
4350.0000,1.6000,204.8000,1032,1016,2048,0.007813,0.00100000,20.0200,0.200000,-0.800000,1.000000,228.900000,2.882000,-1.279000,20.49,0.00103,19.06,20.49,RESIST/SUPPORT
4375.0000,10.4000,94.6000,525,421,946,0.109937,0.00100000,20.1600,0.170000,-0.830000,1.000000,246.100000,2.616000,-1.167000,16.23,0.00094,19.98,16.23,RESIST/SUPPORT
4400.0000,230.4000,474.8000,3526,1222,4748,0.485257,0.00100000,20.3500,0.140000,-0.850000,0.990000,264.700000,2.358000,-1.060000,50.90,0.00147,36.09,50.90,RESIST/SUPPORT
4425.0000,24.1000,92.7000,584,343,927,0.259978,0.00100000,20.5500,0.120000,-0.870000,0.990000,284.200000,2.110000,-0.954000,18.19,0.00096,23.35,18.19,RESIST/SUPPORT
4450.0000,12.9000,196.7000,1048,919,1967,0.065582,0.00100000,20.7200,0.100000,-0.890000,0.990000,304.600000,1.872000,-0.852000,21.81,0.00104,20.30,21.81,RESIST/SUPPORT
4475.0000,40.3000,59.7000,500,97,597,0.675042,0.00100000,20.9100,0.090000,-0.900000,0.990000,325.600000,1.652000,-0.756000,20.44,0.00098,32.09,20.44,RESIST/SUPPORT
4495.0000,47.6000,53.0000,503,27,530,0.898113,0.00100000,21.1600,0.080000,-0.910000,0.990000,343.200000,1.503000,-0.695000,22.08,0.00100,36.91,22.08,RESIST/SUPPORT
4500.0000,251.1000,324.7000,2879,368,3247,0.773329,0.00100000,21.2000,0.080000,-0.910000,0.990000,347.600000,1.465000,-0.678000,47.22,0.00138,40.69,47.22,RESIST/SUPPORT
4510.0000,313.6000,351.2000,3324,188,3512,0.892938,0.00100000,21.2800,0.070000,-0.920000,0.990000,356.400000,1.389000,-0.645000,53.11,0.00146,44.53,53.11,RESIST/SUPPORT
4525.0000,74.3000,95.7000,850,107,957,0.776385,0.00100000,21.4800,0.060000,-0.920000,0.980000,369.900000,1.293000,-0.605000,25.30,0.00105,35.21,25.30,RESIST/SUPPORT
