Strike,Net GEX,Abs Gamma,Call OI,Put OI,Total OI,OI Imbalance,Gamma,Volatility,Call Delta,Put Delta,Delta Spread,Straddle,Vega,Theta,Level Strength,Gradient Width,Break Score,Resistance Score,Side
NaN,NaN,NaN,NaN,NaN,NaN,NaN,NaN,NaN,NaN,NaN,NaN,NaN,NaN,NaN,NaN,NaN,NaN,NaN,NaN
FP -4.08
3930.0000,-45.2000,51.6000,32,484,516,-0.875969,0.00100000,21.8900,0.940000,-0.040000,0.980000,210.000000,0.452000,-0.697000,17.75,0.00088,46.77,6.21,ACCELERATION
3950.0000,-61.9000,83.9000,110,729,839,-0.737783,0.00100000,21.3200,0.940000,-0.050000,0.990000,191.600000,0.566000,-0.867000,18.79,0.00090,43.92,6.58,ACCELERATION
3975.0000,-2.2000,46.2000,220,242,462,-0.047619,0.00100000,20.6400,0.920000,-0.070000,0.990000,169.100000,0.745000,-1.131000,10.56,0.00079,20.48,3.70,ACCELERATION
4000.0000,-562.6000,1083.8000,1303,4116,5419,-0.519099,0.00200000,20.0000,0.890000,-0.100000,0.990000,147.600000,0.966000,-1.452000,63.76,0.00157,81.70,22.32,ACCELERATION
4025.0000,-46.4000,206.0000,399,631,1030,-0.225243,0.00200000,19.4200,0.860000,-0.140000,1.000000,127.700000,1.228000,-1.829000,19.54,0.00095,30.19,6.84,ACCELERATION
4030.0000,-24.0000,62.4000,96,216,312,-0.384615,0.00200000,19.3000,0.850000,-0.150000,1.000000,123.900000,1.284000,-1.907000,16.36,0.00089,29.91,5.72,ACCELERATION
4035.0000,-21.6000,68.0000,116,224,340,-0.317647,0.00200000,19.1900,0.840000,-0.160000,1.000000,120.200000,1.340000,-1.987000,15.93,0.00089,27.86,5.58,ACCELERATION
4040.0000,-22.2000,78.2000,140,251,391,-0.283887,0.00200000,19.0900,0.830000,-0.170000,1.000000,116.700000,1.399000,-2.070000,15.99,0.00089,26.97,5.60,ACCELERATION
4050.0000,-36.3000,684.3000,1080,1201,2281,-0.053047,0.00300000,18.9100,0.800000,-0.190000,0.990000,110.000000,1.517000,-2.239000,29.31,0.00114,35.10,10.26,ACCELERATION
4060.0000,7.2000,135.0000,237,213,450,0.053333,0.00300000,18.7600,0.780000,-0.220000,1.000000,103.800000,1.635000,-2.408000,17.11,0.00095,9.52,17.11,RESIST/SUPPORT
4075.0000,-72.6000,299.4000,378,620,998,-0.242485,0.00300000,18.5500,0.730000,-0.270000,1.000000,95.600000,1.804000,-2.650000,25.13,0.00106,33.31,8.80,ACCELERATION
4080.0000,3.0000,208.8000,353,343,696,0.014368,0.00300000,18.4800,0.720000,-0.280000,1.000000,93.200000,1.857000,-2.720000,18.34,0.00097,7.92,18.34,RESIST/SUPPORT
4085.0000,-89.4000,138.0000,81,379,460,-0.647826,0.00300000,18.4200,0.700000,-0.300000,1.000000,90.900000,1.907000,-2.789000,25.86,0.00105,41.58,9.05,ACCELERATION
4100.0000,49.6000,1243.2000,1616,1492,3108,0.039897,0.00400000,18.2700,0.650000,-0.350000,1.000000,85.400000,2.039000,-2.977000,42.83,0.00136,13.42,42.83,RESIST/SUPPORT
4120.0000,9.2000,177.2000,233,210,443,0.051919,0.00400000,18.1800,0.570000,-0.430000,1.000000,80.900000,2.159000,-3.152000,21.14,0.00104,7.11,21.14,RESIST/SUPPORT
4125.0000,101.6000,405.6000,634,380,1014,0.250493,0.00400000,18.1300,0.550000,-0.450000,1.000000,80.100000,2.176000,-3.170000,31.79,0.00118,13.46,31.79,RESIST/SUPPORT
4150.0000,188.8000,2148.8000,2922,2450,5372,0.087863,0.00400000,18.1500,0.450000,-0.550000,1.000000,80.500000,2.182000,-3.183000,68.14,0.00171,19.70,68.14,RESIST/SUPPORT
4165.0000,81.2000,184.4000,332,129,461,0.440347,0.00400000,18.2400,0.400000,-0.600000,1.000000,83.400000,2.122000,-3.103000,27.46,0.00112,17.42,27.46,RESIST/SUPPORT
4170.0000,44.4000,197.2000,302,191,493,0.225152,0.00400000,18.2500,0.380000,-0.620000,1.000000,84.700000,2.092000,-3.057000,24.16,0.00108,12.57,24.16,RESIST/SUPPORT
4175.0000,14.8000,277.2000,365,328,693,0.053391,0.00400000,18.2900,0.360000,-0.640000,1.000000,86.200000,2.058000,-3.010000,22.83,0.00107,9.09,22.83,RESIST/SUPPORT
4190.0000,-48.9000,116.7000,113,276,389,-0.419023,0.00300000,18.4700,0.310000,-0.690000,1.000000,92.200000,1.935000,-2.843000,21.62,0.00100,33.16,7.57,ACCELERATION
4195.0000,-42.9000,91.5000,81,224,305,-0.468852,0.00300000,18.5100,0.290000,-0.710000,1.000000,94.400000,1.887000,-2.773000,21.12,0.00099,33.94,7.39,ACCELERATION
4200.0000,312.6000,1147.8000,2434,1392,3826,0.272347,0.00300000,18.5900,0.280000,-0.720000,1.000000,97.000000,1.839000,-2.709000,53.69,0.00146,22.59,53.69,RESIST/SUPPORT
4205.0000,-76.2000,130.8000,91,345,436,-0.582569,0.00300000,18.7400,0.260000,-0.740000,1.000000,99.900000,1.791000,-2.653000,24.18,0.00103,39.84,8.46,ACCELERATION
4225.0000,83.1000,182.1000,442,165,607,0.456343,0.00300000,19.1600,0.210000,-0.790000,1.000000,112.300000,1.582000,-2.370000,24.28,0.00104,20.33,24.28,RESIST/SUPPORT
4230.0000,27.6000,99.6000,212,120,332,0.277108,0.00300000,19.2800,0.200000,-0.800000,1.000000,115.700000,1.529000,-2.298000,18.75,0.00096,15.64,18.75,RESIST/SUPPORT
4240.0000,32.4000,71.2000,259,97,356,0.455056,0.00200000,19.4300,0.170000,-0.820000,0.990000,122.500000,1.417000,-2.133000,17.35,0.00091,19.42,17.35,RESIST/SUPPORT
4245.0000,1.4000,107.0000,271,264,535,0.013084,0.00200000,19.6000,0.170000,-0.830000,1.000000,126.300000,1.368000,-2.071000,13.64,0.00087,9.93,13.64,RESIST/SUPPORT
4250.0000,161.0000,681.4000,2106,1301,3407,0.236278,0.00200000,19.7500,0.160000,-0.840000,1.000000,130.200000,1.319000,-2.005000,35.63,0.00120,20.18,35.63,RESIST/SUPPORT
4255.0000,-172.4000,183.6000,28,890,918,-0.938998,0.00200000,19.8700,0.150000,-0.850000,1.000000,134.000000,1.268000,-1.934000,29.48,0.00106,55.08,10.32,ACCELERATION
4260.0000,28.2000,81.0000,273,132,405,0.348148,0.00200000,19.9800,0.140000,-0.860000,1.000000,137.900000,1.217000,-1.859000,16.52,0.00090,18.20,16.52,RESIST/SUPPORT
4270.0000,-33.4000,83.8000,126,293,419,-0.398568,0.00200000,20.2900,0.120000,-0.870000,0.990000,146.100000,1.126000,-1.734000,17.05,0.00090,32.69,5.97,ACCELERATION
4280.0000,-16.4000,135.2000,297,379,676,-0.121302,0.00200000,20.5200,0.110000,-0.890000,1.000000,154.300000,1.033000,-1.597000,15.53,0.00089,26.19,5.44,ACCELERATION
4290.0000,9.8000,176.6000,466,417,883,0.055493,0.00200000,20.8800,0.100000,-0.900000,1.000000,163.000000,0.955000,-1.492000,15.67,0.00090,13.82,15.67,RESIST/SUPPORT
4300.0000,218.8000,433.8000,3263,1075,4338,0.504380,0.00100000,21.1800,0.090000,-0.900000,0.990000,171.700000,0.878000,-1.381000,35.49,0.00119,28.32,35.49,RESIST/SUPPORT
4305.0000,-2.9000,121.1000,591,620,1211,-0.023947,0.00100000,21.3000,0.080000,-0.910000,0.990000,176.100000,0.839000,-1.323000,12.84,0.00084,22.96,4.49,ACCELERATION
4325.0000,-6.7000,78.5000,359,426,785,-0.085350,0.00100000,21.9100,0.070000,-0.920000,0.990000,194.100000,0.706000,-1.127000,11.96,0.00082,24.44,4.19,ACCELERATION
4330.0000,41.1000,58.5000,498,87,585,0.702564,0.00100000,21.9300,0.060000,-0.930000,0.990000,198.400000,0.666000,-1.060000,16.73,0.00087,29.29,16.73,RESIST/SUPPORT
4350.0000,43.5000,302.5000,1730,1295,3025,0.143802,0.00100000,22.5700,0.050000,-0.930000,0.980000,216.900000,0.560000,-0.904000,20.67,0.00098,20.22,20.67,RESIST/SUPPORT
4355.0000,64.7000,92.1000,784,137,921,0.702497,0.00100000,22.9100,0.050000,-0.940000,0.990000,221.800000,0.548000,-0.896000,18.51,0.00090,31.14,18.51,RESIST/SUPPORT
4360.0000,30.6000,61.4000,460,154,614,0.498371,0.00100000,22.8100,0.040000,-0.940000,0.980000,226.200000,0.508000,-0.821000,14.84,0.00085,26.42,14.84,RESIST/SUPPORT
4400.0000,214.8000,613.4000,4141,1993,6134,0.350179,0.00100000,24.3300,0.030000,-1.000000,1.030000,264.200000,0.372000,-0.625000,36.93,0.00127,31.24,36.93,RESIST/SUPPORT
