Strike,Net GEX,Abs Gamma,Call OI,Put OI,Total OI,OI Imbalance,Gamma,Volatility,Call Delta,Put Delta,Delta Spread,Straddle,Vega,Theta,Level Strength,Gradient Width,Break Score,Resistance Score,Side
NaN,NaN,NaN,NaN,NaN,NaN,NaN,NaN,NaN,NaN,NaN,NaN,NaN,NaN,NaN,NaN,NaN,NaN,NaN,NaN
FP -24.43
3900.0000,-110.7000,111.5000,4,1111,1115,-0.992825,0.00100000,21.6000,0.930000,-0.060000,0.990000,310.000000,1.142000,-0.651000,28.68,0.00109,63.54,10.04,ACCELERATION
3950.0000,-53.4000,53.6000,1,535,536,-0.996269,0.00100000,20.7400,0.900000,-0.090000,0.990000,266.400000,1.544000,-0.853000,22.03,0.00099,56.83,7.71,ACCELERATION
3975.0000,-52.3000,52.3000,0,523,523,-1.000000,0.00100000,20.3500,0.880000,-0.110000,0.990000,245.700000,1.784000,-0.971000,21.77,0.00099,56.59,7.62,ACCELERATION
4000.0000,-312.6000,394.2000,408,3534,3942,-0.792998,0.00100000,19.9900,0.860000,-0.130000,0.990000,226.000000,2.046000,-1.097000,53.19,0.00146,83.81,18.62,ACCELERATION
4050.0000,-266.0000,413.6000,369,1699,2068,-0.643133,0.00200000,19.4200,0.800000,-0.200000,1.000000,191.000000,2.621000,-1.374000,49.21,0.00143,76.70,17.22,ACCELERATION
4100.0000,-329.2000,528.0000,497,2143,2640,-0.623485,0.00200000,19.0400,0.720000,-0.280000,1.000000,163.900000,3.181000,-1.642000,57.09,0.00154,84.07,19.98,ACCELERATION
4125.0000,-60.2000,125.4000,163,464,627,-0.480064,0.00200000,18.9200,0.670000,-0.330000,1.000000,154.100000,3.418000,-1.756000,24.67,0.00111,48.72,8.64,ACCELERATION
4150.0000,-242.4000,488.8000,616,1828,2444,-0.495908,0.00200000,18.8400,0.620000,-0.380000,1.000000,147.000000,3.603000,-1.845000,49.33,0.00145,73.64,17.27,ACCELERATION
4175.0000,-52.8000,109.2000,141,405,546,-0.483516,0.00200000,18.7800,0.560000,-0.430000,0.990000,142.700000,3.724000,-1.899000,23.57,0.00109,47.57,8.25,ACCELERATION
4200.0000,-46.6000,474.6000,1070,1303,2373,-0.098188,0.00200000,18.7700,0.510000,-0.490000,1.000000,141.700000,3.773000,-1.925000,33.80,0.00127,50.02,11.83,ACCELERATION
4250.0000,-16.4000,371.6000,888,970,1858,-0.044133,0.00200000,18.8500,0.400000,-0.600000,1.000000,148.600000,3.653000,-1.872000,28.00,0.00119,43.03,9.80,ACCELERATION
4275.0000,-44.2000,128.6000,211,432,643,-0.343701,0.00200000,18.9800,0.350000,-0.650000,1.000000,156.600000,3.497000,-1.802000,23.13,0.00109,44.08,8.10,ACCELERATION
4300.0000,-30.2000,925.8000,2239,2390,4629,-0.032620,0.00200000,19.1400,0.300000,-0.700000,1.000000,167.200000,3.293000,-1.709000,48.76,0.00152,63.43,17.07,ACCELERATION
4325.0000,60.0000,161.6000,554,254,808,0.371287,0.00200000,19.3400,0.260000,-0.740000,1.000000,180.200000,3.057000,-1.600000,25.77,0.00113,27.82,25.77,RESIST/SUPPORT
4330.0000,-3.6000,105.2000,254,272,526,-0.034221,0.00200000,19.3600,0.250000,-0.750000,1.000000,183.000000,3.005000,-1.575000,18.04,0.00103,32.67,6.31,ACCELERATION
4350.0000,-42.0000,365.6000,809,1019,1828,-0.114880,0.00200000,19.5200,0.220000,-0.780000,1.000000,195.000000,2.798000,-1.475000,30.45,0.00121,46.64,10.66,ACCELERATION
4375.0000,22.3000,106.1000,642,419,1061,0.210179,0.00100000,19.7800,0.190000,-0.810000,1.000000,211.800000,2.537000,-1.352000,17.75,0.00096,22.47,17.75,RESIST/SUPPORT
4400.0000,252.0000,496.2000,3741,1221,4962,0.507860,0.00100000,20.0400,0.160000,-0.840000,1.000000,229.900000,2.277000,-1.226000,53.60,0.00150,37.33,53.60,RESIST/SUPPORT
4425.0000,25.5000,92.5000,590,335,925,0.275676,0.00100000,20.2800,0.130000,-0.860000,0.990000,249.100000,2.024000,-1.099000,18.04,0.00096,23.73,18.04,RESIST/SUPPORT
4450.0000,26.8000,210.6000,1187,919,2106,0.127255,0.00100000,20.6400,0.110000,-0.880000,0.990000,269.700000,1.798000,-0.991000,23.11,0.00105,21.97,23.11,RESIST/SUPPORT
4475.0000,39.5000,58.9000,492,97,589,0.670628,0.00100000,20.9400,0.090000,-0.900000,0.990000,290.800000,1.584000,-0.882000,20.19,0.00097,32.05,20.19,RESIST/SUPPORT
4495.0000,47.4000,52.8000,501,27,528,0.897727,0.00100000,21.2700,0.080000,-0.910000,0.990000,308.500000,1.438000,-0.811000,22.00,0.00099,36.99,22.00,RESIST/SUPPORT
4500.0000,276.8000,350.4000,3136,368,3504,0.789954,0.00100000,21.3200,0.080000,-0.910000,0.990000,312.800000,1.398000,-0.790000,50.89,0.00142,42.05,50.89,RESIST/SUPPORT
4510.0000,313.6000,351.2000,3324,188,3512,0.892938,0.00100000,21.4800,0.070000,-0.910000,0.980000,321.700000,1.331000,-0.756000,54.06,0.00146,44.87,54.06,RESIST/SUPPORT
4525.0000,74.4000,95.8000,851,107,958,0.776618,0.00100000,21.7300,0.070000,-0.920000,0.990000,335.300000,1.236000,-0.709000,25.38,0.00105,35.34,25.38,RESIST/SUPPORT
4550.0000,97.3000,149.3000,1233,260,1493,0.651708,0.00100000,22.1300,0.060000,-0.920000,0.980000,358.100000,1.088000,-0.634000,28.91,0.00111,33.66,28.91,RESIST/SUPPORT
