Strike,Net GEX,Abs Gamma,Call OI,Put OI,Total OI,OI Imbalance,Gamma,Volatility,Call Delta,Put Delta,Delta Spread,Straddle,Vega,Theta,Level Strength,Gradient Width,Break Score,Resistance Score,Side
NaN,NaN,NaN,NaN,NaN,NaN,NaN,NaN,NaN,NaN,NaN,NaN,NaN,NaN,NaN,NaN,NaN,NaN,NaN,NaN
FP -30.97
3900.0000,-170.3000,171.1000,4,1707,1711,-0.995324,0.00100000,23.2100,0.900000,-0.090000,0.990000,355.500000,1.931000,-0.812000,32.84,0.00116,67.74,11.49,ACCELERATION
3975.0000,-52.0000,52.0000,0,520,520,-1.000000,0.00100000,22.1500,0.850000,-0.140000,0.990000,295.700000,2.614000,-1.054000,21.02,0.00099,55.83,7.36,ACCELERATION
4000.0000,-302.0000,383.6000,408,3428,3836,-0.787278,0.00100000,21.8500,0.830000,-0.160000,0.990000,277.500000,2.869000,-1.143000,47.98,0.00140,78.48,16.79,ACCELERATION
4050.0000,-152.7000,226.7000,370,1897,2267,-0.673577,0.00100000,21.4000,0.780000,-0.220000,1.000000,245.500000,3.398000,-1.329000,32.26,0.00117,60.36,11.29,ACCELERATION
4100.0000,-160.9000,228.9000,340,1949,2289,-0.702927,0.00100000,21.0800,0.720000,-0.280000,1.000000,219.900000,3.898000,-1.505000,32.86,0.00118,61.42,11.50,ACCELERATION
4125.0000,-29.1000,59.7000,153,444,597,-0.487437,0.00100000,20.9400,0.680000,-0.320000,1.000000,209.800000,4.116000,-1.579000,16.75,0.00094,40.95,5.86,ACCELERATION
4150.0000,-338.6000,560.2000,554,2247,2801,-0.604427,0.00200000,20.8500,0.640000,-0.350000,0.990000,201.900000,4.303000,-1.644000,54.53,0.00153,81.00,19.09,ACCELERATION
4175.0000,-66.2000,113.4000,118,449,567,-0.583774,0.00200000,20.8000,0.600000,-0.390000,0.990000,196.200000,4.450000,-1.697000,24.52,0.00111,50.52,8.58,ACCELERATION
4200.0000,-71.8000,460.6000,972,1331,2303,-0.155884,0.00200000,20.7700,0.560000,-0.430000,0.990000,192.800000,4.553000,-1.731000,34.94,0.00129,52.32,12.23,ACCELERATION
4250.0000,-38.6000,351.8000,783,976,1759,-0.109721,0.00200000,20.7400,0.480000,-0.520000,1.000000,192.300000,4.611000,-1.753000,29.13,0.00120,45.46,10.19,ACCELERATION
4275.0000,-52.2000,122.6000,176,437,613,-0.425775,0.00200000,20.7500,0.440000,-0.560000,1.000000,195.400000,4.566000,-1.737000,23.36,0.00110,45.95,8.18,ACCELERATION
4300.0000,-90.6000,870.6000,1950,2403,4353,-0.104066,0.00200000,20.8400,0.400000,-0.600000,1.000000,201.200000,4.476000,-1.709000,50.97,0.00154,67.07,17.84,ACCELERATION
4325.0000,26.6000,133.0000,399,266,665,0.200000,0.00200000,20.9000,0.360000,-0.630000,0.990000,208.700000,4.344000,-1.664000,21.19,0.00107,23.25,21.19,RESIST/SUPPORT
4350.0000,-30.0000,174.0000,720,1020,1740,-0.172414,0.00100000,21.0300,0.330000,-0.670000,1.000000,218.400000,4.179000,-1.610000,20.75,0.00102,38.10,7.26,ACCELERATION
4375.0000,6.0000,93.4000,497,437,934,0.064240,0.00100000,21.1200,0.290000,-0.700000,0.990000,229.700000,3.984000,-1.541000,14.98,0.00093,18.86,14.98,RESIST/SUPPORT
4400.0000,54.4000,501.0000,2777,2233,5010,0.108583,0.00100000,21.2300,0.260000,-0.740000,1.000000,242.500000,3.767000,-1.463000,37.96,0.00133,25.43,37.96,RESIST/SUPPORT
4425.0000,24.9000,93.7000,593,344,937,0.265742,0.00100000,21.3800,0.230000,-0.760000,0.990000,257.100000,3.537000,-1.382000,17.42,0.00096,23.38,17.42,RESIST/SUPPORT
4450.0000,26.1000,209.7000,1179,918,2097,0.124464,0.00100000,21.5200,0.210000,-0.790000,1.000000,272.900000,3.299000,-1.296000,22.53,0.00105,21.77,22.53,RESIST/SUPPORT
4475.0000,39.2000,59.0000,491,99,590,0.664407,0.00100000,21.6900,0.180000,-0.810000,0.990000,289.900000,3.059000,-1.210000,19.17,0.00097,31.67,19.17,RESIST/SUPPORT
4495.0000,47.6000,53.0000,503,27,530,0.898113,0.00100000,21.8100,0.160000,-0.830000,0.990000,304.200000,2.865000,-1.138000,20.87,0.00099,36.72,20.87,RESIST/SUPPORT
4500.0000,209.0000,281.4000,2452,362,2814,0.742715,0.00100000,21.8600,0.160000,-0.830000,0.990000,308.000000,2.820000,-1.123000,39.44,0.00127,38.24,39.44,RESIST/SUPPORT
4550.0000,80.0000,166.0000,1230,430,1660,0.481928,0.00100000,22.2800,0.120000,-0.870000,0.990000,347.100000,2.373000,-0.960000,25.92,0.00108,29.52,25.92,RESIST/SUPPORT
4600.0000,428.7000,467.9000,4483,196,4679,0.916221,0.00100000,22.8500,0.100000,-0.890000,0.990000,389.300000,1.988000,-0.822000,61.80,0.00159,47.05,61.80,RESIST/SUPPORT
4650.0000,134.5000,177.9000,1562,217,1779,0.756043,0.00100000,23.4700,0.080000,-0.910000,0.990000,433.300000,1.660000,-0.702000,31.77,0.00116,36.22,31.77,RESIST/SUPPORT
