Strike,Net GEX,Abs Gamma,Call OI,Put OI,Total OI,OI Imbalance,Gamma,Volatility,Call Delta,Put Delta,Delta Spread,Straddle,Vega,Theta,Level Strength,Gradient Width,Break Score,Resistance Score,Side
NaN,NaN,NaN,NaN,NaN,NaN,NaN,NaN,NaN,NaN,NaN,NaN,NaN,NaN,NaN,NaN,NaN,NaN,NaN,NaN
FP -27.13
3800.0000,-356.4000,357.2000,4,3568,3572,-0.997760,0.00100000,24.0600,0.920000,-0.060000,0.980000,360.300000,1.237000,-0.682000,54.02,0.00147,88.98,18.91,ACCELERATION
3850.0000,-145.4000,146.0000,3,1457,1460,-0.995890,0.00100000,22.9600,0.910000,-0.090000,1.000000,315.900000,1.569000,-0.830000,31.73,0.00114,66.53,11.11,ACCELERATION
3900.0000,-125.3000,126.1000,4,1257,1261,-0.993656,0.00100000,21.9900,0.880000,-0.120000,1.000000,273.900000,1.985000,-1.011000,29.36,0.00110,63.99,10.28,ACCELERATION
3975.0000,-53.9000,53.9000,0,539,539,-1.000000,0.00100000,20.8300,0.810000,-0.190000,1.000000,218.500000,2.740000,-1.332000,21.48,0.00099,56.06,7.52,ACCELERATION
4000.0000,-315.3000,396.9000,408,3561,3969,-0.794407,0.00100000,20.5100,0.770000,-0.220000,0.990000,202.800000,3.006000,-1.441000,51.75,0.00145,82.16,18.11,ACCELERATION
4050.0000,-304.2000,451.8000,369,1890,2259,-0.673307,0.00200000,20.0500,0.700000,-0.300000,1.000000,177.700000,3.502000,-1.645000,51.47,0.00147,79.33,18.01,ACCELERATION
4100.0000,-376.0000,513.6000,344,2224,2568,-0.732087,0.00200000,19.7500,0.600000,-0.390000,0.990000,162.000000,3.863000,-1.791000,58.14,0.00156,87.05,20.35,ACCELERATION
4125.0000,-59.0000,120.2000,153,448,601,-0.490849,0.00200000,19.6500,0.560000,-0.440000,1.000000,158.100000,3.966000,-1.828000,24.28,0.00111,48.31,8.50,ACCELERATION
4150.0000,-303.4000,525.4000,555,2072,2627,-0.577465,0.00200000,19.5800,0.510000,-0.490000,1.000000,156.900000,4.006000,-1.840000,53.65,0.00151,79.35,18.78,ACCELERATION
4175.0000,-57.0000,110.2000,133,418,551,-0.517241,0.00200000,19.5500,0.460000,-0.540000,1.000000,158.600000,3.982000,-1.827000,24.03,0.00110,48.46,8.41,ACCELERATION
4200.0000,-74.4000,452.0000,944,1316,2260,-0.164602,0.00200000,19.5500,0.410000,-0.590000,1.000000,162.900000,3.896000,-1.788000,35.53,0.00129,52.86,12.44,ACCELERATION
4250.0000,-15.2000,372.8000,894,970,1864,-0.040773,0.00200000,19.6300,0.310000,-0.680000,0.990000,179.200000,3.563000,-1.639000,28.65,0.00119,43.37,10.03,ACCELERATION
4275.0000,-50.0000,123.6000,184,434,618,-0.404531,0.00200000,19.7100,0.270000,-0.730000,1.000000,190.900000,3.336000,-1.539000,23.82,0.00110,45.76,8.34,ACCELERATION
4300.0000,-65.8000,894.2000,2071,2400,4471,-0.073585,0.00200000,19.8300,0.230000,-0.760000,0.990000,204.800000,3.087000,-1.430000,51.38,0.00154,66.64,17.98,ACCELERATION
4325.0000,28.2000,79.4000,538,256,794,0.355164,0.00100000,19.9400,0.200000,-0.800000,1.000000,220.100000,2.820000,-1.311000,17.72,0.00095,25.26,17.72,RESIST/SUPPORT
4330.0000,-3.2000,52.6000,247,279,526,-0.060837,0.00100000,19.9600,0.190000,-0.800000,0.990000,223.400000,2.766000,-1.287000,13.12,0.00088,28.05,4.59,ACCELERATION
4350.0000,4.6000,207.8000,1062,1016,2078,0.022137,0.00100000,20.0900,0.170000,-0.820000,0.990000,237.200000,2.552000,-1.193000,20.88,0.00103,19.33,20.88,RESIST/SUPPORT
4375.0000,10.4000,94.6000,525,421,946,0.109937,0.00100000,20.2500,0.140000,-0.850000,0.990000,255.600000,2.289000,-1.076000,16.25,0.00093,19.87,16.25,RESIST/SUPPORT
4400.0000,230.9000,475.1000,3530,1221,4751,0.486003,0.00100000,20.4800,0.120000,-0.870000,0.990000,275.300000,2.043000,-0.969000,50.62,0.00146,35.92,50.62,RESIST/SUPPORT
4425.0000,24.0000,92.6000,583,343,926,0.259179,0.00100000,20.6800,0.100000,-0.890000,0.990000,295.700000,1.808000,-0.863000,18.23,0.00095,23.23,18.23,RESIST/SUPPORT
4450.0000,14.3000,198.1000,1062,919,1981,0.072186,0.00100000,20.9400,0.090000,-0.900000,0.990000,317.000000,1.597000,-0.770000,22.04,0.00104,20.38,22.04,RESIST/SUPPORT
4475.0000,40.1000,59.5000,498,97,595,0.673950,0.00100000,21.1800,0.070000,-0.910000,0.980000,338.800000,1.402000,-0.681000,20.44,0.00097,31.96,20.44,RESIST/SUPPORT
4495.0000,47.5000,52.9000,502,27,529,0.897921,0.00100000,21.4400,0.060000,-0.920000,0.980000,356.800000,1.268000,-0.622000,22.11,0.00099,36.80,22.11,RESIST/SUPPORT
4500.0000,251.4000,325.0000,2882,368,3250,0.773538,0.00100000,21.5200,0.060000,-0.920000,0.980000,361.400000,1.240000,-0.610000,46.95,0.00137,40.52,46.95,RESIST/SUPPORT
4510.0000,313.6000,351.2000,3324,188,3512,0.892938,0.00100000,21.6000,0.060000,-0.920000,0.980000,370.300000,1.171000,-0.578000,52.73,0.00145,44.32,52.73,RESIST/SUPPORT
