Strike,Net GEX,Abs Gamma,Call OI,Put OI,Total OI,OI Imbalance,Gamma,Volatility,Call Delta,Put Delta,Delta Spread,Straddle,Vega,Theta,Level Strength,Gradient Width,Break Score,Resistance Score,Side
NaN,NaN,NaN,NaN,NaN,NaN,NaN,NaN,NaN,NaN,NaN,NaN,NaN,NaN,NaN,NaN,NaN,NaN,NaN,NaN
FP -6.53
4000.0000,-216.3000,239.5000,116,2279,2395,-0.903132,0.00100000,28.8200,0.930000,-0.060000,0.990000,305.900000,0.807000,-1.183000,38.87,0.00123,71.93,13.60,ACCELERATION
4050.0000,-96.0000,115.0000,95,1055,1150,-0.834783,0.00100000,27.4900,0.910000,-0.090000,1.000000,261.700000,1.092000,-1.553000,25.71,0.00105,57.28,9.00,ACCELERATION
4075.0000,-46.2000,52.6000,32,494,526,-0.878327,0.00100000,27.0000,0.890000,-0.110000,1.000000,240.900000,1.273000,-1.793000,20.22,0.00096,52.60,7.08,ACCELERATION
4100.0000,-131.5000,322.9000,957,2272,3229,-0.407247,0.00100000,26.5000,0.860000,-0.130000,0.990000,221.000000,1.469000,-2.046000,33.27,0.00119,56.17,11.65,ACCELERATION
4150.0000,-113.6000,265.2000,379,947,1326,-0.428356,0.00200000,25.7400,0.800000,-0.190000,0.990000,185.800000,1.902000,-2.611000,31.14,0.00119,54.33,10.90,ACCELERATION
4200.0000,-244.0000,884.0000,1600,2820,4420,-0.276018,0.00200000,25.2400,0.720000,-0.280000,1.000000,158.600000,2.326000,-3.164000,56.43,0.00157,76.45,19.75,ACCELERATION
4250.0000,-215.4000,375.0000,399,1476,1875,-0.574400,0.00200000,25.0000,0.610000,-0.380000,0.990000,142.000000,2.639000,-3.579000,41.56,0.00133,67.42,14.55,ACCELERATION
4255.0000,-137.4000,159.8000,56,743,799,-0.859825,0.00200000,25.0000,0.600000,-0.400000,1.000000,141.100000,2.661000,-3.609000,32.06,0.00120,63.62,11.22,ACCELERATION
4270.0000,-20.4000,114.0000,234,336,570,-0.178947,0.00200000,24.9800,0.570000,-0.430000,1.000000,138.800000,2.712000,-3.680000,19.08,0.00104,36.98,6.68,ACCELERATION
4275.0000,-61.2000,118.4000,143,449,592,-0.516892,0.00200000,24.9700,0.560000,-0.440000,1.000000,138.300000,2.725000,-3.696000,23.89,0.00110,48.54,8.36,ACCELERATION
4300.0000,-166.6000,807.0000,1601,2434,4035,-0.206444,0.00200000,25.0200,0.500000,-0.500000,1.000000,137.900000,2.755000,-3.744000,48.91,0.00148,67.29,17.12,ACCELERATION
4315.0000,-17.6000,112.8000,238,326,564,-0.156028,0.00200000,25.0300,0.470000,-0.530000,1.000000,139.000000,2.745000,-3.731000,18.77,0.00104,36.10,6.57,ACCELERATION
4350.0000,-167.0000,747.0000,1450,2285,3735,-0.223561,0.00200000,25.2000,0.390000,-0.610000,1.000000,146.100000,2.646000,-3.616000,47.49,0.00146,66.09,16.62,ACCELERATION
4375.0000,-11.0000,234.6000,559,614,1173,-0.046888,0.00200000,25.4000,0.340000,-0.660000,1.000000,154.700000,2.521000,-3.462000,21.45,0.00108,36.45,7.51,ACCELERATION
4385.0000,-181.4000,252.2000,177,1084,1261,-0.719270,0.00200000,25.4600,0.320000,-0.680000,1.000000,158.800000,2.460000,-3.382000,37.13,0.00127,65.56,13.00,ACCELERATION
4400.0000,-7.6000,1148.4000,2852,2890,5742,-0.006618,0.00200000,25.6200,0.290000,-0.710000,1.000000,165.900000,2.360000,-3.258000,47.95,0.00152,62.08,16.78,ACCELERATION
4450.0000,25.8000,524.2000,1375,1246,2621,0.049218,0.00200000,26.1800,0.210000,-0.790000,1.000000,194.800000,1.982000,-2.767000,31.38,0.00124,22.70,31.38,RESIST/SUPPORT
4475.0000,-61.7000,91.9000,151,768,919,-0.671382,0.00100000,26.4500,0.180000,-0.820000,1.000000,211.800000,1.781000,-2.497000,21.73,0.00100,48.97,7.61,ACCELERATION
4500.0000,172.4000,541.0000,3567,1843,5410,0.318669,0.00100000,26.8500,0.150000,-0.850000,1.000000,230.500000,1.589000,-2.247000,45.03,0.00139,31.38,45.03,RESIST/SUPPORT
4515.0000,43.8000,59.2000,515,77,592,0.739865,0.00100000,27.0700,0.130000,-0.860000,0.990000,242.200000,1.477000,-2.097000,19.94,0.00096,33.49,19.94,RESIST/SUPPORT
4525.0000,23.6000,78.2000,509,273,782,0.301790,0.00100000,27.2200,0.120000,-0.870000,0.990000,250.200000,1.405000,-2.000000,16.76,0.00093,23.91,16.76,RESIST/SUPPORT
4550.0000,85.0000,286.2000,1856,1006,2862,0.296995,0.00100000,27.6300,0.100000,-0.890000,0.990000,270.900000,1.235000,-1.772000,29.34,0.00114,26.90,29.34,RESIST/SUPPORT
4555.0000,-5.3000,53.5000,241,294,535,-0.099065,0.00100000,27.7600,0.100000,-0.890000,0.990000,275.300000,1.206000,-1.736000,13.56,0.00089,29.16,4.75,ACCELERATION
4575.0000,69.7000,122.1000,959,262,1221,0.570844,0.00100000,28.0800,0.090000,-0.900000,0.990000,292.500000,1.082000,-1.566000,23.62,0.00103,30.89,23.62,RESIST/SUPPORT
4580.0000,5.3000,151.5000,784,731,1515,0.034983,0.00100000,28.1500,0.080000,-0.910000,0.990000,296.800000,1.052000,-1.523000,17.33,0.00096,18.58,17.33,RESIST/SUPPORT
4600.0000,332.1000,530.5000,4313,992,5305,0.626013,0.00100000,28.5500,0.070000,-0.920000,0.990000,314.600000,0.946000,-1.381000,57.87,0.00154,40.49,57.87,RESIST/SUPPORT
4610.0000,24.7000,50.3000,375,128,503,0.491054,0.00100000,28.7400,0.070000,-0.920000,0.990000,323.600000,0.896000,-1.312000,17.59,0.00094,27.69,17.59,RESIST/SUPPORT
4625.0000,33.3000,56.9000,451,118,569,0.585237,0.00100000,28.9400,0.060000,-0.930000,0.990000,337.000000,0.818000,-1.201000,19.13,0.00096,29.93,19.13,RESIST/SUPPORT
4640.0000,38.5000,69.1000,538,153,691,0.557164,0.00100000,29.2500,0.050000,-0.930000,0.980000,350.800000,0.754000,-1.112000,19.89,0.00097,29.52,19.89,RESIST/SUPPORT
4645.0000,39.1000,52.1000,456,65,521,0.750480,0.00100000,29.3600,0.050000,-0.930000,0.980000,355.400000,0.734000,-1.086000,20.49,0.00097,33.52,20.49,RESIST/SUPPORT
4650.0000,206.0000,290.2000,2481,421,2902,0.709855,0.00100000,29.4800,0.050000,-0.930000,0.980000,360.000000,0.715000,-1.060000,40.88,0.00128,37.79,40.88,RESIST/SUPPORT
