Strike,Net GEX,Abs Gamma,Call OI,Put OI,Total OI,OI Imbalance,Gamma,Volatility,Call Delta,Put Delta,Delta Spread,Straddle,Vega,Theta,Level Strength,Gradient Width,Break Score,Resistance Score,Side
NaN,NaN,NaN,NaN,NaN,NaN,NaN,NaN,NaN,NaN,NaN,NaN,NaN,NaN,NaN,NaN,NaN,NaN,NaN,NaN
FP -26.48
3850.0000,-145.4000,146.0000,3,1457,1460,-0.995890,0.00100000,22.2900,0.920000,-0.060000,0.980000,328.700000,1.234000,-0.657000,31.72,0.00114,66.63,11.10,ACCELERATION
3900.0000,-125.3000,126.1000,4,1257,1261,-0.993656,0.00100000,21.2100,0.900000,-0.090000,0.990000,284.500000,1.599000,-0.815000,29.36,0.00110,64.12,10.28,ACCELERATION
3975.0000,-53.9000,53.9000,0,539,539,-1.000000,0.00100000,20.0100,0.840000,-0.150000,0.990000,224.500000,2.342000,-1.137000,21.47,0.00099,56.16,7.51,ACCELERATION
4000.0000,-315.3000,396.9000,408,3561,3969,-0.794407,0.00100000,19.6900,0.810000,-0.180000,0.990000,207.100000,2.624000,-1.257000,51.68,0.00145,82.20,18.09,ACCELERATION
4050.0000,-304.2000,451.8000,369,1890,2259,-0.673307,0.00200000,19.2100,0.740000,-0.260000,1.000000,177.700000,3.189000,-1.496000,51.36,0.00147,79.34,17.98,ACCELERATION
4100.0000,-376.0000,513.6000,344,2224,2568,-0.732087,0.00200000,18.8600,0.650000,-0.350000,1.000000,157.200000,3.656000,-1.688000,58.01,0.00156,87.04,20.30,ACCELERATION
4125.0000,-59.0000,120.2000,153,448,601,-0.490849,0.00200000,18.7800,0.600000,-0.400000,1.000000,151.200000,3.817000,-1.756000,24.18,0.00110,48.33,8.46,ACCELERATION
4150.0000,-303.4000,525.4000,555,2072,2627,-0.577465,0.00200000,18.7100,0.550000,-0.450000,1.000000,147.800000,3.914000,-1.794000,53.46,0.00151,79.27,18.71,ACCELERATION
4175.0000,-57.0000,110.2000,133,418,551,-0.517241,0.00200000,18.6900,0.490000,-0.510000,1.000000,147.600000,3.940000,-1.803000,23.89,0.00110,48.45,8.36,ACCELERATION
4200.0000,-74.4000,452.0000,944,1316,2260,-0.164602,0.00200000,18.6800,0.440000,-0.560000,1.000000,150.000000,3.895000,-1.783000,35.36,0.00129,52.80,12.38,ACCELERATION
4250.0000,-17.0000,371.0000,885,970,1855,-0.045822,0.00200000,18.7700,0.340000,-0.660000,1.000000,163.500000,3.612000,-1.659000,28.57,0.00120,43.52,10.00,ACCELERATION
4275.0000,-50.0000,123.6000,184,434,618,-0.404531,0.00200000,18.8500,0.290000,-0.710000,1.000000,174.100000,3.394000,-1.564000,23.65,0.00110,45.70,8.28,ACCELERATION
4300.0000,-65.8000,894.2000,2071,2400,4471,-0.073585,0.00200000,18.9600,0.250000,-0.750000,1.000000,187.000000,3.143000,-1.454000,51.17,0.00154,66.54,17.91,ACCELERATION
4325.0000,56.4000,158.8000,538,256,794,0.355164,0.00200000,19.1000,0.210000,-0.780000,0.990000,201.900000,2.872000,-1.336000,25.27,0.00112,27.26,25.27,RESIST/SUPPORT
4330.0000,-6.4000,105.2000,247,279,526,-0.060837,0.00200000,19.1400,0.210000,-0.790000,1.000000,205.100000,2.818000,-1.314000,18.68,0.00103,33.73,6.54,ACCELERATION
4350.0000,4.6000,207.8000,1062,1016,2078,0.022137,0.00100000,19.2800,0.180000,-0.820000,1.000000,218.600000,2.596000,-1.216000,20.74,0.00103,19.41,20.74,RESIST/SUPPORT
4375.0000,10.4000,94.6000,525,421,946,0.109937,0.00100000,19.4700,0.150000,-0.840000,0.990000,236.700000,2.323000,-1.096000,16.08,0.00093,19.94,16.08,RESIST/SUPPORT
4400.0000,230.9000,475.1000,3530,1221,4751,0.486003,0.00100000,19.6800,0.130000,-0.870000,1.000000,256.000000,2.061000,-0.980000,50.41,0.00146,35.98,50.41,RESIST/SUPPORT
4425.0000,24.0000,92.6000,583,343,926,0.259179,0.00100000,19.9000,0.110000,-0.890000,1.000000,276.300000,1.816000,-0.871000,18.10,0.00095,23.31,18.10,RESIST/SUPPORT
4450.0000,14.3000,198.1000,1062,919,1981,0.072186,0.00100000,20.1500,0.090000,-0.900000,0.990000,297.500000,1.592000,-0.770000,21.86,0.00103,20.45,21.86,RESIST/SUPPORT
4475.0000,40.1000,59.5000,498,97,595,0.673950,0.00100000,20.4700,0.070000,-0.910000,0.980000,319.500000,1.398000,-0.685000,20.28,0.00097,32.02,20.28,RESIST/SUPPORT
4495.0000,47.5000,52.9000,502,27,529,0.897921,0.00100000,20.6900,0.060000,-0.920000,0.980000,337.300000,1.252000,-0.618000,21.94,0.00099,36.87,21.94,RESIST/SUPPORT
4500.0000,251.4000,325.0000,2882,368,3250,0.773538,0.00100000,20.7300,0.060000,-0.920000,0.980000,341.700000,1.214000,-0.600000,46.73,0.00137,40.57,46.73,RESIST/SUPPORT
4510.0000,313.6000,351.2000,3324,188,3512,0.892938,0.00100000,20.8500,0.060000,-0.920000,0.980000,350.800000,1.149000,-0.570000,52.49,0.00145,44.37,52.49,RESIST/SUPPORT
4525.0000,73.7000,95.1000,844,107,951,0.774974,0.00100000,21.0900,0.050000,-0.930000,0.980000,364.600000,1.065000,-0.534000,25.09,0.00104,35.12,25.09,RESIST/SUPPORT
