Strike,Net GEX,Abs Gamma,Call OI,Put OI,Total OI,OI Imbalance,Gamma,Volatility,Call Delta,Put Delta,Delta Spread,Straddle,Vega,Theta,Level Strength,Gradient Width,Break Score,Resistance Score,Side
NaN,NaN,NaN,NaN,NaN,NaN,NaN,NaN,NaN,NaN,NaN,NaN,NaN,NaN,NaN,NaN,NaN,NaN,NaN,NaN
FP -23.91
3850.0000,-122.8000,123.4000,3,1231,1234,-0.995138,0.00100000,22.4200,0.920000,-0.070000,0.990000,308.300000,1.322000,-0.752000,26.20,0.00107,61.10,9.17,ACCELERATION
3900.0000,-110.7000,111.5000,4,1111,1115,-0.992825,0.00100000,21.4900,0.890000,-0.100000,0.990000,265.500000,1.732000,-0.951000,24.94,0.00105,59.68,8.73,ACCELERATION
3950.0000,-53.4000,53.6000,1,535,536,-0.996269,0.00100000,20.7200,0.850000,-0.150000,1.000000,226.300000,2.232000,-1.189000,20.09,0.00097,54.77,7.03,ACCELERATION
3975.0000,-52.3000,52.3000,0,523,523,-1.000000,0.00100000,20.3900,0.820000,-0.180000,1.000000,208.700000,2.504000,-1.316000,19.90,0.00097,54.59,6.96,ACCELERATION
4000.0000,-625.2000,788.4000,408,3534,3942,-0.792998,0.00200000,20.1400,0.780000,-0.210000,0.990000,193.000000,2.784000,-1.450000,67.23,0.00170,97.73,23.53,ACCELERATION
4050.0000,-266.0000,413.6000,369,1699,2068,-0.643133,0.00200000,19.7200,0.700000,-0.300000,1.000000,167.400000,3.302000,-1.689000,40.96,0.00135,68.34,14.34,ACCELERATION
4100.0000,-329.2000,528.0000,497,2143,2640,-0.623485,0.00200000,19.4800,0.600000,-0.390000,0.990000,151.900000,3.675000,-1.860000,46.97,0.00143,73.83,16.44,ACCELERATION
4125.0000,-60.2000,125.4000,163,464,627,-0.480064,0.00200000,19.4300,0.550000,-0.450000,1.000000,148.500000,3.775000,-1.906000,22.79,0.00109,46.72,7.98,ACCELERATION
4150.0000,-242.4000,488.8000,616,1828,2444,-0.495908,0.00200000,19.3600,0.500000,-0.500000,1.000000,147.600000,3.808000,-1.916000,41.98,0.00137,66.16,14.69,ACCELERATION
4175.0000,-52.8000,109.2000,141,405,546,-0.483516,0.00200000,19.3900,0.440000,-0.550000,0.990000,150.100000,3.772000,-1.901000,22.02,0.00108,45.90,7.71,ACCELERATION
4200.0000,-46.6000,474.6000,1070,1303,2373,-0.098188,0.00200000,19.4500,0.390000,-0.610000,1.000000,155.400000,3.671000,-1.855000,32.52,0.00126,48.63,11.38,ACCELERATION
4250.0000,-16.4000,371.6000,888,970,1858,-0.044133,0.00200000,19.6200,0.300000,-0.700000,1.000000,173.800000,3.310000,-1.684000,27.73,0.00118,42.63,9.70,ACCELERATION
4275.0000,-44.2000,128.6000,211,432,643,-0.343701,0.00200000,19.7500,0.260000,-0.740000,1.000000,186.400000,3.073000,-1.571000,22.02,0.00108,42.85,7.71,ACCELERATION
4300.0000,-30.2000,925.8000,2239,2390,4629,-0.032620,0.00200000,19.9000,0.220000,-0.780000,1.000000,201.100000,2.817000,-1.448000,48.17,0.00151,62.73,16.86,ACCELERATION
4325.0000,30.0000,80.8000,554,254,808,0.371287,0.00100000,20.0900,0.190000,-0.810000,1.000000,217.600000,2.554000,-1.322000,17.08,0.00094,25.54,17.08,RESIST/SUPPORT
4330.0000,-1.8000,52.6000,254,272,526,-0.034221,0.00100000,20.1000,0.180000,-0.820000,1.000000,220.900000,2.498000,-1.294000,12.71,0.00088,27.22,4.45,ACCELERATION
4350.0000,-21.0000,182.8000,809,1019,1828,-0.114880,0.00100000,20.3000,0.160000,-0.840000,1.000000,235.500000,2.292000,-1.196000,20.27,0.00101,36.35,7.09,ACCELERATION
4375.0000,22.3000,106.1000,642,419,1061,0.210179,0.00100000,20.5100,0.130000,-0.860000,0.990000,254.700000,2.040000,-1.072000,17.35,0.00095,22.26,17.35,RESIST/SUPPORT
4400.0000,252.0000,496.2000,3741,1221,4962,0.507860,0.00100000,20.7900,0.110000,-0.880000,0.990000,275.000000,1.808000,-0.960000,46.16,0.00142,35.35,46.16,RESIST/SUPPORT
4425.0000,25.5000,92.5000,590,335,925,0.275676,0.00100000,21.0800,0.090000,-0.900000,0.990000,296.100000,1.595000,-0.856000,17.60,0.00095,23.51,17.60,RESIST/SUPPORT
4450.0000,26.8000,210.6000,1187,919,2106,0.127255,0.00100000,21.4400,0.080000,-0.910000,0.990000,318.000000,1.408000,-0.766000,22.65,0.00105,21.74,22.65,RESIST/SUPPORT
4475.0000,39.5000,58.9000,492,97,589,0.670628,0.00100000,21.7600,0.070000,-0.920000,0.990000,340.300000,1.236000,-0.680000,19.32,0.00096,31.72,19.32,RESIST/SUPPORT
4495.0000,47.4000,52.8000,501,27,528,0.897727,0.00100000,22.1100,0.060000,-0.920000,0.980000,358.600000,1.123000,-0.626000,20.85,0.00098,36.59,20.85,RESIST/SUPPORT
4500.0000,276.8000,350.4000,3136,368,3504,0.789954,0.00100000,22.1700,0.060000,-0.920000,0.980000,363.100000,1.092000,-0.610000,42.64,0.00133,39.87,42.64,RESIST/SUPPORT
4510.0000,313.6000,351.2000,3324,188,3512,0.892938,0.00100000,22.3400,0.050000,-0.930000,0.980000,372.400000,1.041000,-0.585000,44.69,0.00136,42.42,44.69,RESIST/SUPPORT
