Strike,Net GEX,Abs Gamma,Call OI,Put OI,Total OI,OI Imbalance,Gamma,Volatility,Call Delta,Put Delta,Delta Spread,Straddle,Vega,Theta,Level Strength,Gradient Width,Break Score,Resistance Score,Side
NaN,NaN,NaN,NaN,NaN,NaN,NaN,NaN,NaN,NaN,NaN,NaN,NaN,NaN,NaN,NaN,NaN,NaN,NaN,NaN
FP -31.35
3800.0000,-107.1000,107.9000,4,1075,1079,-0.992586,0.00100000,25.2300,0.900000,-0.080000,0.980000,396.700000,1.807000,-0.796000,28.59,0.00109,63.44,10.01,ACCELERATION
3850.0000,-110.4000,110.8000,2,1106,1108,-0.996390,0.00100000,24.3400,0.880000,-0.110000,0.990000,354.500000,2.182000,-0.930000,28.79,0.00110,63.59,10.08,ACCELERATION
3900.0000,-172.8000,173.6000,4,1732,1736,-0.995392,0.00100000,23.5300,0.850000,-0.140000,0.990000,314.900000,2.612000,-1.080000,35.68,0.00119,70.35,12.49,ACCELERATION
3975.0000,-53.1000,53.1000,0,531,531,-1.000000,0.00100000,22.5600,0.790000,-0.210000,1.000000,263.000000,3.334000,-1.326000,21.86,0.00100,56.44,7.65,ACCELERATION
4000.0000,-296.8000,378.4000,408,3376,3784,-0.784355,0.00100000,22.3200,0.760000,-0.240000,1.000000,248.400000,3.579000,-1.410000,53.39,0.00146,83.60,18.69,ACCELERATION
4050.0000,-125.5000,199.3000,369,1624,1993,-0.629704,0.00100000,21.8800,0.700000,-0.300000,1.000000,223.900000,4.030000,-1.558000,32.36,0.00116,59.35,11.33,ACCELERATION
4100.0000,-321.4000,457.0000,339,1946,2285,-0.703282,0.00200000,21.5600,0.630000,-0.370000,1.000000,206.800000,4.386000,-1.672000,57.85,0.00154,86.19,20.25,ACCELERATION
4125.0000,-58.6000,119.4000,152,445,597,-0.490787,0.00200000,21.4400,0.590000,-0.410000,1.000000,201.400000,4.512000,-1.710000,25.75,0.00112,49.78,9.01,ACCELERATION
4150.0000,-304.0000,542.4000,596,2116,2712,-0.560472,0.00200000,21.3700,0.550000,-0.450000,1.000000,198.400000,4.594000,-1.735000,60.57,0.00159,85.93,21.20,ACCELERATION
4175.0000,-67.6000,111.6000,110,448,558,-0.605735,0.00200000,21.3100,0.510000,-0.490000,1.000000,197.500000,4.631000,-1.744000,26.56,0.00113,52.76,9.29,ACCELERATION
4200.0000,-92.0000,445.6000,884,1344,2228,-0.206463,0.00200000,21.2500,0.470000,-0.530000,1.000000,198.500000,4.621000,-1.736000,42.64,0.00137,60.80,14.92,ACCELERATION
4250.0000,-75.4000,315.8000,601,978,1579,-0.238759,0.00200000,21.2000,0.390000,-0.610000,1.000000,207.200000,4.464000,-1.674000,35.44,0.00126,54.12,12.40,ACCELERATION
4275.0000,-62.8000,112.0000,123,437,560,-0.560714,0.00200000,21.2400,0.350000,-0.640000,0.990000,214.900000,4.325000,-1.624000,26.27,0.00113,51.34,9.20,ACCELERATION
4300.0000,-62.3000,421.9000,1798,2421,4219,-0.147665,0.00100000,21.2800,0.320000,-0.680000,1.000000,224.400000,4.151000,-1.561000,40.78,0.00133,57.53,14.27,ACCELERATION
4325.0000,8.7000,60.9000,348,261,609,0.142857,0.00100000,21.3200,0.290000,-0.710000,1.000000,235.600000,3.949000,-1.487000,14.98,0.00091,20.33,14.98,RESIST/SUPPORT
4350.0000,-34.1000,171.1000,685,1026,1711,-0.199299,0.00100000,21.3900,0.250000,-0.740000,0.990000,248.500000,3.727000,-1.407000,23.79,0.00105,41.45,8.33,ACCELERATION
4375.0000,6.0000,93.2000,496,436,932,0.064378,0.00100000,21.5000,0.230000,-0.770000,1.000000,263.200000,3.493000,-1.324000,16.67,0.00094,19.06,16.67,RESIST/SUPPORT
4400.0000,61.8000,509.2000,2855,2237,5092,0.121367,0.00100000,21.6100,0.200000,-0.800000,1.000000,279.000000,3.249000,-1.236000,46.80,0.00142,27.68,46.80,RESIST/SUPPORT
4425.0000,18.1000,86.9000,525,344,869,0.208285,0.00100000,21.7200,0.180000,-0.820000,1.000000,296.000000,3.004000,-1.148000,18.06,0.00095,22.17,18.06,RESIST/SUPPORT
4450.0000,29.2000,212.8000,1210,918,2128,0.137218,0.00100000,21.8800,0.150000,-0.840000,0.990000,314.300000,2.765000,-1.063000,26.43,0.00109,22.78,26.43,RESIST/SUPPORT
4475.0000,38.4000,58.2000,483,99,582,0.659794,0.00100000,22.0700,0.140000,-0.860000,1.000000,333.600000,2.536000,-0.982000,20.39,0.00097,31.66,20.39,RESIST/SUPPORT
4495.0000,47.7000,53.1000,504,27,531,0.898305,0.00100000,22.2200,0.120000,-0.870000,0.990000,349.500000,2.359000,-0.918000,22.13,0.00099,36.82,22.13,RESIST/SUPPORT
4500.0000,209.8000,282.2000,2460,362,2822,0.743444,0.00100000,22.2300,0.120000,-0.870000,0.990000,353.500000,2.312000,-0.900000,44.49,0.00132,39.30,44.49,RESIST/SUPPORT
4550.0000,76.7000,162.7000,1197,430,1627,0.471420,0.00100000,22.6400,0.090000,-0.900000,0.990000,395.400000,1.909000,-0.754000,28.47,0.00110,29.73,28.47,RESIST/SUPPORT
4600.0000,416.1000,455.3000,4357,196,4553,0.913903,0.00100000,23.1500,0.070000,-0.910000,0.980000,439.400000,1.572000,-0.633000,68.46,0.00166,48.46,68.46,RESIST/SUPPORT
