Strike,Net GEX,Abs Gamma,Call OI,Put OI,Total OI,OI Imbalance,Gamma,Volatility,Call Delta,Put Delta,Delta Spread,Straddle,Vega,Theta,Level Strength,Gradient Width,Break Score,Resistance Score,Side
NaN,NaN,NaN,NaN,NaN,NaN,NaN,NaN,NaN,NaN,NaN,NaN,NaN,NaN,NaN,NaN,NaN,NaN,NaN,NaN
FP -2.36
3930.0000,-45.2000,51.6000,32,484,516,-0.875969,0.00100000,24.8800,0.930000,-0.050000,0.980000,201.100000,0.559000,-1.162000,17.51,0.00090,49.45,6.13,ACCELERATION
3950.0000,-57.5000,79.5000,110,685,795,-0.723270,0.00100000,24.0200,0.920000,-0.070000,0.990000,182.800000,0.668000,-1.364000,18.27,0.00091,45.67,6.39,ACCELERATION
3975.0000,0.4000,43.6000,220,216,436,0.009174,0.00100000,22.8800,0.900000,-0.090000,0.990000,160.400000,0.827000,-1.645000,10.43,0.00080,13.86,10.43,RESIST/SUPPORT
4000.0000,-560.0000,1076.4000,1291,4091,5382,-0.520253,0.00200000,21.8700,0.870000,-0.120000,0.990000,139.200000,1.026000,-1.992000,63.14,0.00160,82.75,22.10,ACCELERATION
4025.0000,-40.8000,200.4000,399,603,1002,-0.203593,0.00200000,21.0700,0.830000,-0.170000,1.000000,119.900000,1.266000,-2.419000,19.29,0.00096,30.71,6.75,ACCELERATION
4030.0000,-38.6000,75.8000,93,286,379,-0.509235,0.00200000,20.8500,0.820000,-0.180000,1.000000,116.100000,1.313000,-2.492000,18.44,0.00094,35.59,6.45,ACCELERATION
4035.0000,-33.9000,102.9000,115,228,343,-0.329446,0.00300000,20.6900,0.810000,-0.190000,1.000000,112.600000,1.364000,-2.579000,19.68,0.00099,32.86,6.89,ACCELERATION
4040.0000,-36.3000,114.9000,131,252,383,-0.315927,0.00300000,20.5000,0.800000,-0.200000,1.000000,109.000000,1.414000,-2.658000,20.00,0.00099,32.54,7.00,ACCELERATION
4050.0000,-31.8000,678.0000,1077,1183,2260,-0.046903,0.00300000,20.2000,0.770000,-0.220000,0.990000,102.500000,1.517000,-2.829000,29.37,0.00116,35.79,10.28,ACCELERATION
4060.0000,9.6000,131.4000,235,203,438,0.073059,0.00300000,19.9200,0.750000,-0.250000,1.000000,96.600000,1.618000,-2.995000,17.65,0.00097,10.61,17.65,RESIST/SUPPORT
4075.0000,-98.4000,408.0000,387,633,1020,-0.241176,0.00400000,19.5000,0.700000,-0.300000,1.000000,88.700000,1.759000,-3.216000,30.75,0.00118,39.20,10.76,ACCELERATION
4080.0000,-4.0000,266.4000,328,338,666,-0.015015,0.00400000,19.4000,0.680000,-0.320000,1.000000,86.400000,1.803000,-3.286000,22.07,0.00107,25.62,7.72,ACCELERATION
4085.0000,-118.8000,184.4000,82,379,461,-0.644252,0.00400000,19.2500,0.670000,-0.330000,1.000000,84.200000,1.843000,-3.341000,30.88,0.00116,46.64,10.81,ACCELERATION
4100.0000,119.2000,1113.6000,1541,1243,2784,0.107040,0.00400000,18.9200,0.610000,-0.390000,1.000000,79.100000,1.945000,-3.483000,45.19,0.00139,15.20,45.19,RESIST/SUPPORT
4120.0000,8.8000,172.8000,227,205,432,0.050926,0.00400000,18.5700,0.530000,-0.470000,1.000000,75.300000,2.018000,-3.559000,21.68,0.00105,6.71,21.68,RESIST/SUPPORT
4125.0000,90.0000,416.4000,633,408,1041,0.216138,0.00400000,18.5100,0.510000,-0.490000,1.000000,74.900000,2.023000,-3.557000,31.95,0.00119,12.41,31.95,RESIST/SUPPORT
4150.0000,254.4000,2210.4000,3081,2445,5526,0.115092,0.00400000,18.3100,0.400000,-0.600000,1.000000,76.800000,1.962000,-3.400000,72.70,0.00179,22.44,72.70,RESIST/SUPPORT
4165.0000,83.2000,181.6000,331,123,454,0.458150,0.00400000,18.3000,0.340000,-0.660000,1.000000,80.900000,1.861000,-3.205000,27.55,0.00112,19.13,27.55,RESIST/SUPPORT
4170.0000,46.8000,199.6000,308,191,499,0.234469,0.00400000,18.3200,0.320000,-0.680000,1.000000,82.700000,1.818000,-3.130000,24.34,0.00108,14.23,24.34,RESIST/SUPPORT
4175.0000,10.4000,276.0000,358,332,690,0.037681,0.00400000,18.3000,0.300000,-0.700000,1.000000,84.600000,1.771000,-3.036000,22.46,0.00107,10.20,22.46,RESIST/SUPPORT
4190.0000,-35.7000,129.3000,156,275,431,-0.276102,0.00300000,18.4300,0.250000,-0.750000,1.000000,91.900000,1.616000,-2.763000,20.14,0.00099,30.61,7.05,ACCELERATION
4195.0000,-37.5000,97.5000,100,225,325,-0.384615,0.00300000,18.4600,0.240000,-0.760000,1.000000,94.700000,1.559000,-2.661000,20.28,0.00099,33.29,7.10,ACCELERATION
4200.0000,288.9000,1115.7000,2341,1378,3719,0.258941,0.00300000,18.5500,0.220000,-0.780000,1.000000,97.700000,1.504000,-2.570000,51.23,0.00144,23.68,51.23,RESIST/SUPPORT
4205.0000,-41.7000,164.7000,205,344,549,-0.253188,0.00300000,18.6000,0.210000,-0.790000,1.000000,100.800000,1.445000,-2.466000,20.71,0.00100,31.83,7.25,ACCELERATION
4210.0000,69.0000,95.4000,274,44,318,0.723270,0.00300000,18.6600,0.190000,-0.810000,1.000000,104.000000,1.386000,-2.363000,23.81,0.00103,26.85,23.81,RESIST/SUPPORT
4225.0000,60.0000,126.0000,465,165,630,0.476190,0.00200000,18.9300,0.160000,-0.840000,1.000000,114.600000,1.215000,-2.072000,20.10,0.00095,22.10,20.10,RESIST/SUPPORT
4230.0000,17.2000,65.2000,206,120,326,0.263804,0.00200000,18.9900,0.150000,-0.850000,1.000000,118.300000,1.157000,-1.971000,15.26,0.00088,17.02,15.26,RESIST/SUPPORT
4240.0000,33.8000,73.0000,267,98,365,0.463014,0.00200000,19.2000,0.130000,-0.870000,1.000000,126.200000,1.050000,-1.789000,17.43,0.00091,22.29,17.43,RESIST/SUPPORT
4245.0000,25.0000,131.0000,390,265,655,0.190840,0.00200000,19.2800,0.120000,-0.880000,1.000000,130.100000,0.997000,-1.696000,16.48,0.00091,16.98,16.48,RESIST/SUPPORT
4250.0000,163.2000,684.0000,2118,1302,3420,0.238596,0.00200000,19.3900,0.110000,-0.890000,1.000000,134.200000,0.947000,-1.613000,35.24,0.00121,22.99,35.24,RESIST/SUPPORT
4255.0000,-112.2000,243.8000,329,890,1219,-0.460213,0.00200000,19.5500,0.100000,-0.890000,0.990000,138.500000,0.902000,-1.541000,24.36,0.00102,43.35,8.52,ACCELERATION
4260.0000,21.0000,73.8000,237,132,369,0.284553,0.00200000,19.6700,0.090000,-0.900000,0.990000,142.700000,0.856000,-1.464000,15.46,0.00089,19.71,15.46,RESIST/SUPPORT
4270.0000,-33.2000,83.6000,126,292,418,-0.397129,0.00200000,19.9900,0.080000,-0.910000,0.990000,151.500000,0.775000,-1.332000,16.82,0.00091,35.67,5.89,ACCELERATION
4275.0000,9.0000,34.6000,218,128,346,0.260116,0.00100000,20.1000,0.080000,-0.910000,0.990000,155.900000,0.733000,-1.261000,11.98,0.00081,19.47,11.98,RESIST/SUPPORT
4280.0000,-6.5000,69.5000,315,380,695,-0.093525,0.00100000,20.2800,0.070000,-0.920000,0.990000,160.400000,0.698000,-1.204000,11.96,0.00082,25.48,4.19,ACCELERATION
4285.0000,-4.5000,37.7000,166,211,377,-0.119363,0.00100000,20.4300,0.070000,-0.920000,0.990000,164.900000,0.662000,-1.145000,10.97,0.00080,25.37,3.84,ACCELERATION
4290.0000,6.1000,89.5000,478,417,895,0.068156,0.00100000,20.5500,0.060000,-0.930000,0.990000,169.400000,0.626000,-1.083000,12.40,0.00083,16.86,12.40,RESIST/SUPPORT
4300.0000,218.5000,430.5000,3245,1060,4305,0.507549,0.00100000,20.9300,0.060000,-0.930000,0.990000,178.600000,0.568000,-0.991000,34.47,0.00119,31.91,34.47,RESIST/SUPPORT
4305.0000,-2.7000,121.5000,594,621,1215,-0.022222,0.00100000,21.0800,0.050000,-0.930000,0.980000,183.200000,0.539000,-0.941000,12.90,0.00085,26.85,4.51,ACCELERATION
4325.0000,-19.7000,65.5000,229,426,655,-0.300763,0.00100000,21.8600,0.040000,-0.940000,0.980000,202.000000,0.445000,-0.791000,13.33,0.00084,34.34,4.66,ACCELERATION
