Strike,Net GEX,Abs Gamma,Call OI,Put OI,Total OI,OI Imbalance,Gamma,Volatility,Call Delta,Put Delta,Delta Spread,Straddle,Vega,Theta,Level Strength,Gradient Width,Break Score,Resistance Score,Side
NaN,NaN,NaN,NaN,NaN,NaN,NaN,NaN,NaN,NaN,NaN,NaN,NaN,NaN,NaN,NaN,NaN,NaN,NaN,NaN
FP -29.62
3850.0000,-108.3000,108.7000,2,1085,1087,-0.996320,0.00100000,24.0100,0.900000,-0.090000,0.990000,361.200000,1.845000,-0.826000,28.97,0.00110,63.90,10.14,ACCELERATION
3900.0000,-170.3000,171.1000,4,1707,1711,-0.995324,0.00100000,23.0800,0.870000,-0.120000,0.990000,319.400000,2.244000,-0.969000,35.78,0.00120,70.56,12.52,ACCELERATION
3975.0000,-52.0000,52.0000,0,520,520,-1.000000,0.00100000,21.9800,0.820000,-0.180000,1.000000,263.400000,2.962000,-1.225000,22.00,0.00100,56.70,7.70,ACCELERATION
4000.0000,-302.0000,383.6000,408,3428,3836,-0.787278,0.00100000,21.6900,0.790000,-0.210000,1.000000,247.200000,3.218000,-1.315000,53.14,0.00146,83.52,18.60,ACCELERATION
4050.0000,-152.7000,226.7000,370,1897,2267,-0.673577,0.00100000,21.1800,0.730000,-0.270000,1.000000,219.200000,3.714000,-1.484000,34.89,0.00120,62.87,12.21,ACCELERATION
4100.0000,-321.8000,457.8000,340,1949,2289,-0.702927,0.00200000,20.8200,0.660000,-0.340000,1.000000,198.700000,4.135000,-1.626000,56.07,0.00153,84.52,19.62,ACCELERATION
4125.0000,-58.2000,119.4000,153,444,597,-0.487437,0.00200000,20.6900,0.620000,-0.380000,1.000000,191.800000,4.296000,-1.680000,24.92,0.00112,49.00,8.72,ACCELERATION
4150.0000,-318.6000,540.2000,554,2147,2701,-0.589782,0.00200000,20.5900,0.580000,-0.420000,1.000000,187.000000,4.414000,-1.717000,58.24,0.00157,84.31,20.39,ACCELERATION
4175.0000,-66.2000,113.4000,118,449,567,-0.583774,0.00200000,20.5200,0.530000,-0.460000,0.990000,184.700000,4.482000,-1.738000,25.79,0.00113,51.67,9.03,ACCELERATION
4200.0000,-71.8000,460.6000,972,1331,2303,-0.155884,0.00200000,20.4800,0.490000,-0.510000,1.000000,184.700000,4.499000,-1.740000,36.39,0.00130,53.65,12.74,ACCELERATION
4250.0000,-38.6000,351.8000,783,976,1759,-0.109721,0.00200000,20.4400,0.410000,-0.590000,1.000000,191.600000,4.378000,-1.691000,30.03,0.00121,46.25,10.51,ACCELERATION
4275.0000,-52.2000,122.6000,176,437,613,-0.425775,0.00200000,20.4700,0.370000,-0.630000,1.000000,198.500000,4.247000,-1.643000,24.51,0.00111,46.99,8.58,ACCELERATION
4300.0000,-90.6000,870.6000,1950,2403,4353,-0.104066,0.00200000,20.5200,0.330000,-0.670000,1.000000,207.500000,4.076000,-1.579000,52.87,0.00156,68.85,18.50,ACCELERATION
4325.0000,13.3000,66.5000,399,266,665,0.200000,0.00100000,20.5600,0.290000,-0.710000,1.000000,218.300000,3.872000,-1.503000,15.25,0.00092,21.65,15.25,RESIST/SUPPORT
4350.0000,-30.0000,174.0000,720,1020,1740,-0.172414,0.00100000,20.6500,0.260000,-0.740000,1.000000,231.100000,3.645000,-1.419000,21.63,0.00103,38.86,7.57,ACCELERATION
4375.0000,6.0000,93.4000,497,437,934,0.064240,0.00100000,20.7500,0.230000,-0.770000,1.000000,245.500000,3.402000,-1.330000,15.52,0.00093,18.88,15.52,RESIST/SUPPORT
4400.0000,54.4000,501.0000,2777,2233,5010,0.108583,0.00100000,20.8600,0.200000,-0.800000,1.000000,261.300000,3.150000,-1.236000,39.37,0.00134,25.67,39.37,RESIST/SUPPORT
4425.0000,24.9000,93.7000,593,344,937,0.265742,0.00100000,20.9800,0.170000,-0.820000,0.990000,278.300000,2.893000,-1.140000,18.32,0.00096,23.49,18.32,RESIST/SUPPORT
4450.0000,26.1000,209.7000,1179,918,2097,0.124464,0.00100000,21.1500,0.150000,-0.840000,0.990000,296.700000,2.646000,-1.049000,23.46,0.00106,21.89,23.46,RESIST/SUPPORT
4475.0000,39.2000,59.0000,491,99,590,0.664407,0.00100000,21.3400,0.130000,-0.860000,0.990000,316.100000,2.408000,-0.962000,20.39,0.00098,31.86,20.39,RESIST/SUPPORT
4495.0000,47.6000,53.0000,503,27,530,0.898113,0.00100000,21.4800,0.120000,-0.870000,0.990000,332.100000,2.224000,-0.893000,22.26,0.00100,36.96,22.26,RESIST/SUPPORT
4500.0000,209.0000,281.4000,2452,362,2814,0.742715,0.00100000,21.5400,0.110000,-0.880000,0.990000,336.200000,2.182000,-0.878000,43.61,0.00132,39.17,43.61,RESIST/SUPPORT
4550.0000,80.0000,166.0000,1230,430,1660,0.481928,0.00100000,21.9600,0.090000,-0.900000,0.990000,378.500000,1.773000,-0.725000,27.95,0.00110,29.92,27.95,RESIST/SUPPORT
