Strike,Net GEX,Abs Gamma,Call OI,Put OI,Total OI,OI Imbalance,Gamma,Volatility,Call Delta,Put Delta,Delta Spread,Straddle,Vega,Theta,Level Strength,Gradient Width,Break Score,Resistance Score,Side
NaN,NaN,NaN,NaN,NaN,NaN,NaN,NaN,NaN,NaN,NaN,NaN,NaN,NaN,NaN,NaN,NaN,NaN,NaN,NaN
FP -297
1.0700,-1166475.0000,1189125.0000,1,104,105,-0.980952,0.09060000,22.6400,1.000000,0.000000,1.000000,0.052800,0.000000,0.000000,14.20,0.00079,43.82,4.97,ACCELERATION
1.1000,-275782500.0000,275782500.0000,0,765,765,-1.000000,2.88400000,14.1300,0.990000,-0.010000,1.000000,0.022900,0.000000,0.000000,17.17,0.00079,37.17,6.01,ACCELERATION
1.1050,-1089098700.0000,1089098700.0000,0,1416,1416,-1.000000,6.15310000,12.7100,0.980000,-0.020000,1.000000,0.018000,0.000000,-0.000100,19.94,0.00083,41.61,6.98,ACCELERATION
1.1100,-1815739150.0000,1815739150.0000,0,1094,1094,-1.000000,13.27780000,11.0900,0.950000,-0.050000,1.000000,0.013200,0.000100,-0.000200,21.35,0.00086,44.69,7.47,ACCELERATION
1.1150,-6634673675.0000,6657062900.0000,3,1781,1784,-0.996637,29.85230000,9.4700,0.880000,-0.120000,1.000000,0.008700,0.000100,-0.000400,35.31,0.00106,60.24,12.36,ACCELERATION
1.1175,-1963298500.0000,1963298500.0000,0,361,361,-1.000000,43.50800000,9.1100,0.800000,-0.200000,1.000000,0.006900,0.000200,-0.000600,23.47,0.00095,49.31,8.22,ACCELERATION
1.1200,-7423671900.0000,7555844100.0000,9,1020,1029,-0.982507,58.74320000,8.4800,0.680000,-0.320000,1.000000,0.005400,0.000300,-0.000900,38.73,0.00118,65.05,13.56,ACCELERATION
1.1225,-8303043500.0000,10016650350.0000,97,1037,1134,-0.828924,70.66420000,7.8700,0.530000,-0.470000,1.000000,0.004500,0.000300,-0.001000,42.33,0.00125,66.40,14.81,ACCELERATION
1.1250,-19018905625.0000,24846046875.0000,343,2582,2925,-0.765470,67.95500000,7.5900,0.350000,-0.650000,1.000000,0.004700,0.000300,-0.000800,71.41,0.00160,95.05,24.99,ACCELERATION
1.1275,-6521092200.0000,12136477150.0000,434,1442,1876,-0.537313,51.75470000,7.1700,0.180000,-0.820000,1.000000,0.005700,0.000200,-0.000400,37.44,0.00114,57.35,13.10,ACCELERATION
1.1300,-9835978425.0000,14772695700.0000,659,3285,3944,-0.665822,29.96490000,7.2300,0.080000,-0.920000,1.000000,0.007500,0.000100,-0.000200,44.38,0.00119,67.70,15.53,ACCELERATION
1.1325,-379310375.0000,1211583625.0000,226,432,658,-0.313070,14.73050000,7.4300,0.040000,-0.960000,1.000000,0.009800,0.000100,-0.000100,11.11,0.00072,28.21,3.89,ACCELERATION
1.1350,-2489310087.5000,3319392412.5000,443,3100,3543,-0.749929,7.49510000,7.9800,0.020000,-0.980000,1.000000,0.012200,0.000000,0.000000,21.26,0.00086,47.93,7.44,ACCELERATION
1.1375,-83421575.0000,931776575.0000,600,718,1318,-0.089530,5.65570000,9.3600,0.020000,-0.980000,1.000000,0.014700,0.000000,0.000000,8.77,0.00068,23.06,3.07,ACCELERATION
1.1400,-3270375000.0000,5404500000.0000,1897,7711,9608,-0.605121,4.50000000,10.7400,0.010000,-0.990000,1.000000,0.017200,0.000000,0.000000,30.14,0.00108,55.57,10.55,ACCELERATION
1.1425,144548912.5000,663251762.5000,869,558,1427,0.217940,3.71830000,12.1100,0.010000,-0.990000,1.000000,0.019700,0.000000,0.000000,9.28,0.00070,20.85,9.28,RESIST/SUPPORT
1.1450,-272532750.0000,3772011250.0000,4430,5120,9550,-0.072251,3.15980000,13.4900,0.010000,-0.990000,1.000000,0.022200,0.000000,0.000000,21.23,0.00099,37.68,7.43,ACCELERATION
