Strike,Net GEX,Abs Gamma,Call OI,Put OI,Total OI,OI Imbalance,Gamma,Volatility,Call Delta,Put Delta,Delta Spread,Straddle,Vega,Theta,Level Strength,Gradient Width,Break Score,Resistance Score,Side
NaN,NaN,NaN,NaN,NaN,NaN,NaN,NaN,NaN,NaN,NaN,NaN,NaN,NaN,NaN,NaN,NaN,NaN,NaN,NaN
FP -336
1.1225,-907629937.5000,907629937.5000,0,429,429,-1.000000,16.92550000,7.4800,0.860000,-0.140000,1.000000,0.015800,0.000400,-0.000200,20.38,0.00097,46.00,7.13,ACCELERATION
1.1250,-6803031375.0000,7075564000.0000,53,2699,2752,-0.961483,20.56850000,7.4700,0.820000,-0.180000,1.000000,0.014100,0.000500,-0.000200,30.10,0.00113,55.58,10.54,ACCELERATION
1.1275,-2717328512.5000,2717328512.5000,0,889,889,-1.000000,24.45290000,7.2300,0.770000,-0.230000,1.000000,0.012400,0.000500,-0.000200,23.97,0.00104,50.85,8.39,ACCELERATION
1.1300,-12952189950.0000,12973580850.0000,3,3636,3639,-0.998351,28.52120000,6.9600,0.710000,-0.290000,1.000000,0.010900,0.000600,-0.000200,38.99,0.00127,66.46,13.65,ACCELERATION
1.1325,-1912166100.0000,1912166100.0000,0,468,468,-1.000000,32.68660000,6.6200,0.640000,-0.360000,1.000000,0.009700,0.000600,-0.000300,23.82,0.00107,51.94,8.34,ACCELERATION
1.1350,-13451897137.5000,15277228312.5000,207,3258,3465,-0.880519,35.27210000,6.4700,0.550000,-0.440000,0.990000,0.009000,0.000700,-0.000300,39.98,0.00131,66.34,13.99,ACCELERATION
1.1375,-1980261375.0000,4201795975.0000,244,679,923,-0.471289,36.41860000,6.3000,0.460000,-0.530000,0.990000,0.008700,0.000700,-0.000300,22.14,0.00107,40.94,7.75,ACCELERATION
1.1400,-42032532750.0000,45957122250.0000,438,9820,10258,-0.914603,35.84100000,6.0900,0.370000,-0.630000,1.000000,0.008900,0.000700,-0.000200,77.98,0.00182,100.00,27.29,ACCELERATION
1.1425,-273663175.0000,4309173875.0000,494,561,1055,-0.063507,32.67620000,5.9800,0.280000,-0.720000,1.000000,0.009600,0.000600,-0.000200,17.40,0.00099,29.29,6.09,ACCELERATION
1.1450,-12389346800.0000,28082979300.0000,2275,5867,8142,-0.441169,27.59320000,6.0300,0.210000,-0.790000,1.000000,0.011000,0.000500,-0.000200,44.16,0.00136,64.23,15.45,ACCELERATION
1.1475,-924876375.0000,1929816675.0000,182,517,699,-0.479256,22.08660000,5.9200,0.140000,-0.860000,1.000000,0.012500,0.000400,-0.000100,16.28,0.00091,37.74,5.70,ACCELERATION
1.1500,-14993888525.0000,25847111675.0000,2667,10036,12703,-0.580099,16.27780000,5.7700,0.090000,-0.910000,1.000000,0.014300,0.000300,-0.000100,46.48,0.00139,70.59,16.27,ACCELERATION
1.1525,-58710750.0000,1691428750.0000,584,626,1210,-0.034711,11.18300000,5.7200,0.050000,-0.940000,0.990000,0.016400,0.000200,-0.000100,10.92,0.00080,24.74,3.82,ACCELERATION
1.1550,-2340390937.5000,6395177337.5000,2144,4619,6763,-0.365962,7.56490000,5.8100,0.030000,-0.960000,0.990000,0.018800,0.000100,0.000000,21.06,0.00097,42.13,7.37,ACCELERATION
1.1575,-275597250.0000,803112750.0000,401,820,1221,-0.343161,5.26200000,6.0300,0.020000,-0.980000,1.000000,0.021200,0.000100,0.000000,11.51,0.00078,32.75,4.03,ACCELERATION
1.1600,62616925.0000,1230169775.0000,1662,1501,3163,0.050901,3.11140000,5.9800,0.010000,-0.990000,1.000000,0.023600,0.000100,0.000000,11.34,0.00080,18.85,11.34,RESIST/SUPPORT
