Strike,Net GEX,Abs Gamma,Call OI,Put OI,Total OI,OI Imbalance,Gamma,Volatility,Call Delta,Put Delta,Delta Spread,Straddle,Vega,Theta,Level Strength,Gradient Width,Break Score,Resistance Score,Side
NaN,NaN,NaN,NaN,NaN,NaN,NaN,NaN,NaN,NaN,NaN,NaN,NaN,NaN,NaN,NaN,NaN,NaN,NaN,NaN
FP -329
1.0700,-8664875.0000,8833125.0000,1,104,105,-0.980952,0.67300000,14.5000,0.990000,-0.010000,1.000000,0.057700,0.000000,0.000000,15.01,0.00081,42.46,5.25,ACCELERATION
1.1000,-677472000.0000,677472000.0000,0,768,768,-1.000000,7.05700000,11.9000,0.930000,-0.070000,1.000000,0.028900,0.000200,-0.000200,20.28,0.00089,40.28,7.10,ACCELERATION
1.1050,-1719273600.0000,1719273600.0000,0,1408,1408,-1.000000,9.76860000,11.2100,0.900000,-0.100000,1.000000,0.024400,0.000300,-0.000200,23.82,0.00096,45.13,8.34,ACCELERATION
1.1100,-1289153250.0000,1289153250.0000,0,770,770,-1.000000,13.39380000,10.4000,0.860000,-0.140000,1.000000,0.020100,0.000400,-0.000300,22.43,0.00095,45.04,7.85,ACCELERATION
1.1150,-4019941937.5000,4019941937.5000,0,1765,1765,-1.000000,18.22070000,9.5900,0.800000,-0.200000,1.000000,0.016200,0.000500,-0.000300,30.73,0.00109,54.65,10.76,ACCELERATION
1.1200,-3358870312.5000,3358870312.5000,0,1125,1125,-1.000000,23.88530000,8.9300,0.710000,-0.290000,1.000000,0.013100,0.000600,-0.000300,29.44,0.00110,54.66,10.30,ACCELERATION
1.1225,-1427679825.0000,1427679825.0000,0,429,429,-1.000000,26.62340000,8.6300,0.650000,-0.350000,1.000000,0.011800,0.000600,-0.000400,24.86,0.00105,50.73,8.70,ACCELERATION
1.1250,-9510914700.0000,9884737500.0000,52,2698,2750,-0.962182,28.75560000,8.4100,0.580000,-0.420000,1.000000,0.011000,0.000600,-0.000400,45.47,0.00133,71.23,15.91,ACCELERATION
1.1275,-3371766925.0000,3371766925.0000,0,899,899,-1.000000,30.00460000,8.2300,0.510000,-0.490000,1.000000,0.010600,0.000600,-0.000400,29.95,0.00113,57.12,10.48,ACCELERATION
1.1300,-13792463287.5000,14003553187.5000,28,3687,3715,-0.984926,30.15570000,8.0700,0.430000,-0.570000,1.000000,0.010600,0.000600,-0.000400,54.87,0.00145,82.39,19.20,ACCELERATION
1.1325,-1564893625.0000,1746858000.0000,25,455,480,-0.895833,29.11430000,7.9300,0.360000,-0.640000,1.000000,0.010900,0.000600,-0.000300,24.19,0.00105,50.59,8.47,ACCELERATION
1.1350,-10099896975.0000,11423702500.0000,197,3203,3400,-0.884118,26.87930000,7.8000,0.280000,-0.720000,1.000000,0.011700,0.000500,-0.000300,45.07,0.00131,71.89,15.78,ACCELERATION
1.1375,-1447398750.0000,2865258750.0000,240,730,970,-0.505155,23.63100000,7.7400,0.220000,-0.780000,1.000000,0.012900,0.000500,-0.000200,20.93,0.00097,40.82,7.33,ACCELERATION
1.1400,-22397213587.5000,24488646862.5000,421,9438,9859,-0.914596,19.87110000,7.5400,0.160000,-0.840000,1.000000,0.014300,0.000400,-0.000200,74.71,0.00169,100.00,26.15,ACCELERATION
1.1425,594068150.0000,2847156050.0000,866,567,1433,0.208653,15.89480000,7.5500,0.110000,-0.880000,0.990000,0.016100,0.000300,-0.000200,15.94,0.00087,19.24,15.94,RESIST/SUPPORT
1.1450,-3212251625.0000,12701458100.0000,3087,5177,8264,-0.252904,12.29570000,7.6000,0.080000,-0.920000,1.000000,0.018200,0.000200,-0.000100,34.54,0.00116,51.34,12.09,ACCELERATION
1.1475,-389708025.0000,773735175.0000,169,512,681,-0.503671,9.08940000,7.5900,0.060000,-0.940000,1.000000,0.020400,0.000200,-0.000100,12.77,0.00078,35.23,4.47,ACCELERATION
1.1500,-4716096800.0000,9125390300.0000,2745,8617,11362,-0.516810,6.42520000,7.5700,0.040000,-0.960000,1.000000,0.022600,0.000100,-0.000100,35.51,0.00118,58.89,12.43,ACCELERATION
1.1525,-29590137.5000,492196512.5000,555,626,1181,-0.060119,3.33410000,6.9800,0.010000,-0.980000,0.990000,0.024900,0.000100,0.000000,8.21,0.00069,23.11,2.87,ACCELERATION
1.1550,-884159325.0000,2418656625.0000,2146,4619,6765,-0.365558,2.86020000,7.5500,0.010000,-0.990000,1.000000,0.027400,0.000100,0.000000,18.46,0.00090,40.12,6.46,ACCELERATION
1.1575,-134881775.0000,357405625.0000,358,792,1150,-0.377391,2.48630000,8.1300,0.010000,-0.990000,1.000000,0.029900,0.000100,0.000000,9.90,0.00072,32.44,3.46,ACCELERATION
