Strike,Net GEX,Abs Gamma,Call OI,Put OI,Total OI,OI Imbalance,Gamma,Volatility,Call Delta,Put Delta,Delta Spread,Straddle,Vega,Theta,Level Strength,Gradient Width,Break Score,Resistance Score,Side
NaN,NaN,NaN,NaN,NaN,NaN,NaN,NaN,NaN,NaN,NaN,NaN,NaN,NaN,NaN,NaN,NaN,NaN,NaN,NaN
FP -321
1.0700,-10005162.5000,10199437.5000,1,104,105,-0.980952,0.77710000,20.4900,0.990000,-0.010000,1.000000,0.054600,0.000000,0.000000,14.85,0.00080,42.65,5.20,ACCELERATION
1.1000,-368007412.5000,368007412.5000,0,721,721,-1.000000,4.08330000,11.1400,0.980000,-0.020000,1.000000,0.024700,0.000100,-0.000100,17.83,0.00081,37.83,6.24,ACCELERATION
1.1050,-1358467900.0000,1358467900.0000,0,1402,1402,-1.000000,7.75160000,10.4000,0.960000,-0.040000,1.000000,0.019900,0.000100,-0.000100,21.71,0.00087,43.08,7.60,ACCELERATION
1.1100,-1917544887.5000,1917544887.5000,0,1073,1073,-1.000000,14.29670000,9.6100,0.920000,-0.080000,1.000000,0.015300,0.000200,-0.000200,23.37,0.00091,46.10,8.18,ACCELERATION
1.1150,-5829355125.0000,5829355125.0000,0,1857,1857,-1.000000,25.11300000,8.7700,0.840000,-0.160000,1.000000,0.011100,0.000300,-0.000300,36.70,0.00111,60.80,12.85,ACCELERATION
1.1175,-948580425.0000,948580425.0000,0,234,234,-1.000000,32.43010000,8.2300,0.780000,-0.210000,0.990000,0.009300,0.000300,-0.000400,21.86,0.00094,46.63,7.65,ACCELERATION
1.1200,-4286759750.0000,4296799000.0000,1,855,856,-0.997664,40.15700000,7.8700,0.700000,-0.300000,1.000000,0.007800,0.000400,-0.000500,32.97,0.00111,58.38,11.54,ACCELERATION
1.1225,-5686927400.0000,5686927400.0000,0,968,968,-1.000000,46.99940000,7.5000,0.600000,-0.400000,1.000000,0.006700,0.000400,-0.000500,37.73,0.00118,63.87,13.21,ACCELERATION
1.1250,-18330797312.5000,18884909287.5000,43,2888,2931,-0.970658,51.54530000,7.0600,0.480000,-0.520000,1.000000,0.006200,0.000400,-0.000500,74.84,0.00164,100.00,26.19,ACCELERATION
1.1275,-6040464000.0000,6547962000.0000,41,1017,1058,-0.922495,49.51200000,6.8100,0.350000,-0.650000,1.000000,0.006400,0.000400,-0.000400,38.39,0.00120,64.34,13.44,ACCELERATION
1.1300,-15216852000.0000,18705341200.0000,337,3277,3614,-0.813503,41.40640000,6.7000,0.230000,-0.770000,1.000000,0.007400,0.000300,-0.000300,66.55,0.00151,91.00,23.29,ACCELERATION
1.1325,-1188072412.5000,2207491012.5000,136,453,589,-0.538200,29.98290000,6.2900,0.130000,-0.870000,1.000000,0.008800,0.000200,-0.000200,18.99,0.00088,38.62,6.65,ACCELERATION
1.1350,-7193773350.0000,8833218750.0000,348,3402,3750,-0.814400,18.84420000,6.3600,0.070000,-0.930000,1.000000,0.010900,0.000100,-0.000100,38.52,0.00110,64.36,13.48,ACCELERATION
1.1375,-380134400.0000,1826427000.0000,487,743,1230,-0.208130,11.87920000,6.7400,0.040000,-0.960000,1.000000,0.013200,0.000100,-0.000100,12.63,0.00075,27.02,4.42,ACCELERATION
1.1400,-6692442250.0000,10011940250.0000,1708,8595,10303,-0.668446,7.77400000,7.2400,0.030000,-0.970000,1.000000,0.015600,0.000100,-0.000100,43.39,0.00123,67.67,15.19,ACCELERATION
1.1425,241714550.0000,1119106975.0000,867,559,1426,0.215989,6.27830000,8.2100,0.020000,-0.980000,1.000000,0.018100,0.000100,-0.000100,10.87,0.00072,18.63,10.87,RESIST/SUPPORT
1.1450,-317336950.0000,4294147950.0000,4430,5137,9567,-0.073900,3.59080000,8.2500,0.010000,-0.990000,1.000000,0.020500,0.000000,0.000000,22.65,0.00097,36.40,7.93,ACCELERATION
1.1475,-127947075.0000,255516725.0000,169,508,677,-0.500739,3.01940000,9.1100,0.010000,-0.990000,1.000000,0.023000,0.000000,0.000000,10.10,0.00069,33.07,3.54,ACCELERATION
1.1500,-1943580225.0000,3610340625.0000,2568,8557,11125,-0.538337,2.59620000,9.9700,0.010000,-0.990000,1.000000,0.025500,0.000000,0.000000,27.86,0.00106,52.26,9.75,ACCELERATION
1.1525,-57946200.0000,295980100.0000,419,623,1042,-0.195777,2.27240000,10.8400,0.010000,-0.990000,1.000000,0.028000,0.000000,0.000000,8.47,0.00068,26.71,2.97,ACCELERATION
1.1550,-626084500.0000,1702687500.0000,2134,4616,6750,-0.367704,2.01800000,11.7000,0.010000,-0.990000,1.000000,0.030500,0.000000,0.000000,17.85,0.00089,40.20,6.25,ACCELERATION
