Strike,Net GEX,Abs Gamma,Call OI,Put OI,Total OI,OI Imbalance,Gamma,Volatility,Call Delta,Put Delta,Delta Spread,Straddle,Vega,Theta,Level Strength,Gradient Width,Break Score,Resistance Score,Side
NaN,NaN,NaN,NaN,NaN,NaN,NaN,NaN,NaN,NaN,NaN,NaN,NaN,NaN,NaN,NaN,NaN,NaN,NaN,NaN
FP -312
1.1050,-787065900.0000,787065900.0000,0,1416,1416,-1.000000,4.44670000,11.5600,0.980000,-0.020000,1.000000,0.021900,0.000000,-0.000100,20.36,0.00088,41.72,7.13,ACCELERATION
1.1100,-955390200.0000,955390200.0000,0,1094,1094,-1.000000,6.98640000,9.4500,0.970000,-0.030000,1.000000,0.016900,0.000100,-0.000100,19.58,0.00086,42.30,6.85,ACCELERATION
1.1150,-3581566725.0000,3594289875.0000,3,1692,1695,-0.996460,16.96420000,8.8000,0.930000,-0.070000,1.000000,0.012300,0.000100,-0.000200,26.86,0.00097,50.88,9.40,ACCELERATION
1.1175,-894021700.0000,894021700.0000,0,286,286,-1.000000,25.00760000,8.4100,0.880000,-0.110000,0.990000,0.010100,0.000200,-0.000300,19.62,0.00089,44.39,6.87,ACCELERATION
1.1200,-4950210525.0000,5029909800.0000,9,1127,1136,-0.984155,35.42190000,7.9300,0.820000,-0.180000,1.000000,0.008100,0.000200,-0.000400,30.85,0.00106,55.98,10.80,ACCELERATION
1.1225,-5171106587.5000,6391980787.5000,104,985,1089,-0.808999,46.95670000,7.6600,0.730000,-0.270000,1.000000,0.006600,0.000300,-0.000500,32.30,0.00111,54.61,11.30,ACCELERATION
1.1250,-18858495912.5000,23943933012.5000,348,2929,3277,-0.787611,58.45330000,7.1300,0.610000,-0.390000,1.000000,0.005400,0.000400,-0.000600,69.20,0.00160,91.77,24.22,ACCELERATION
1.1275,-4580041987.5000,11367047212.5000,429,1008,1437,-0.402923,63.28210000,6.7800,0.450000,-0.550000,1.000000,0.005000,0.000400,-0.000600,35.16,0.00119,50.72,12.31,ACCELERATION
1.1300,-20121861062.5000,26970328937.5000,477,3280,3757,-0.746074,57.42950000,6.5100,0.300000,-0.700000,1.000000,0.005500,0.000300,-0.000500,71.83,0.00161,94.93,25.14,ACCELERATION
1.1325,-1458839400.0000,3107962200.0000,156,432,588,-0.469388,42.28520000,6.2400,0.160000,-0.840000,1.000000,0.006700,0.000200,-0.000300,19.74,0.00092,37.99,6.91,ACCELERATION
1.1350,-9857638800.0000,12345721200.0000,381,3400,3781,-0.798466,26.12160000,6.5100,0.090000,-0.910000,1.000000,0.008700,0.000100,-0.000200,41.35,0.00117,66.86,14.47,ACCELERATION
1.1375,-218478625.0000,2122829625.0000,584,718,1302,-0.102919,13.04350000,6.3800,0.030000,-0.970000,1.000000,0.010900,0.000100,-0.000100,11.63,0.00076,23.92,4.07,ACCELERATION
1.1400,-4485849875.0000,6927632075.0000,1716,8021,9737,-0.647530,5.69180000,6.4100,0.010000,-0.990000,1.000000,0.013300,0.000000,0.000000,33.21,0.00111,57.07,11.62,ACCELERATION
1.1425,109390362.5000,501929412.5000,869,558,1427,0.217940,2.81390000,6.7800,0.010000,-0.990000,1.000000,0.015800,0.000000,0.000000,9.85,0.00071,18.41,9.85,RESIST/SUPPORT
1.1450,-210906437.5000,2899584187.5000,4430,5125,9555,-0.072737,2.42770000,7.8400,0.010000,-0.990000,1.000000,0.018300,0.000000,0.000000,20.47,0.00097,34.20,7.16,ACCELERATION
1.1475,-90627412.5000,180987487.5000,169,508,677,-0.500739,2.13870000,8.9000,0.010000,-0.990000,1.000000,0.020800,0.000000,0.000000,10.67,0.00073,33.64,3.74,ACCELERATION
1.1500,-1414502300.0000,2643547100.0000,2568,8479,11047,-0.535077,1.91440000,9.9700,0.010000,-0.990000,1.000000,0.023300,0.000000,0.000000,25.98,0.00108,50.32,9.09,ACCELERATION
1.1525,-44035775.0000,225818925.0000,419,622,1041,-0.195005,1.73540000,11.0300,0.010000,-0.990000,1.000000,0.025800,0.000000,0.000000,9.37,0.00074,27.59,3.28,ACCELERATION
1.1550,-493018275.0000,1340803125.0000,2134,4616,6750,-0.367704,1.58910000,12.0900,0.010000,-0.990000,1.000000,0.028300,0.000000,0.000000,18.05,0.00094,40.41,6.32,ACCELERATION
