Strike,Net GEX,Abs Gamma,Call OI,Put OI,Total OI,OI Imbalance,Gamma,Volatility,Call Delta,Put Delta,Delta Spread,Straddle,Vega,Theta,Level Strength,Gradient Width,Break Score,Resistance Score,Side
NaN,NaN,NaN,NaN,NaN,NaN,NaN,NaN,NaN,NaN,NaN,NaN,NaN,NaN,NaN,NaN,NaN,NaN,NaN,NaN
FP -361
1.1225,-323668400.0000,323668400.0000,0,176,176,-1.000000,14.71220000,7.0900,0.880000,-0.120000,1.000000,0.017300,0.000400,-0.000100,19.27,0.00094,44.89,6.74,ACCELERATION
1.1250,-5998351150.0000,6237203600.0000,53,2715,2768,-0.961705,18.02660000,6.8900,0.850000,-0.150000,1.000000,0.015400,0.000500,-0.000200,28.33,0.00110,53.82,9.92,ACCELERATION
1.1275,-2406200737.5000,2406200737.5000,0,889,889,-1.000000,21.65310000,6.7600,0.800000,-0.200000,1.000000,0.013600,0.000500,-0.000200,23.05,0.00103,49.92,8.07,ACCELERATION
1.1300,-9975705187.5000,9994981912.5000,3,3108,3111,-0.998071,25.70230000,6.4600,0.750000,-0.250000,1.000000,0.011900,0.000600,-0.000200,33.74,0.00119,61.20,11.81,ACCELERATION
1.1325,-1716723450.0000,1716723450.0000,0,468,468,-1.000000,29.34570000,6.3300,0.680000,-0.310000,0.990000,0.010700,0.000700,-0.000200,22.88,0.00105,51.01,8.01,ACCELERATION
1.1350,-12655297287.5000,13977553437.5000,162,3263,3425,-0.905401,32.64830000,6.1500,0.610000,-0.390000,1.000000,0.009700,0.000700,-0.000200,37.41,0.00127,64.26,13.09,ACCELERATION
1.1375,-2718953837.5000,3127018687.5000,46,659,705,-0.869504,35.48390000,5.8700,0.530000,-0.470000,1.000000,0.008900,0.000800,-0.000200,24.23,0.00109,51.00,8.48,ACCELERATION
1.1400,-47087699950.0000,49317554750.0000,248,10722,10970,-0.954786,35.96540000,5.7400,0.440000,-0.560000,1.000000,0.008800,0.000800,-0.000200,79.26,0.00186,100.00,27.74,ACCELERATION
1.1425,-738784425.0000,4050576675.0000,390,564,954,-0.182390,33.96710000,5.7100,0.350000,-0.650000,1.000000,0.009400,0.000700,-0.000200,18.52,0.00101,32.80,6.48,ACCELERATION
1.1450,-24753509637.5000,40510943287.5000,2066,8557,10623,-0.611033,30.50810000,5.6500,0.270000,-0.730000,1.000000,0.010200,0.000600,-0.000200,58.69,0.00158,82.16,20.54,ACCELERATION
1.1475,-1325360875.0000,2062390825.0000,114,524,638,-0.642633,25.86070000,5.5700,0.190000,-0.800000,0.990000,0.011500,0.000500,-0.000100,18.34,0.00096,43.07,6.42,ACCELERATION
1.1500,-19021666837.5000,32441184862.5000,2617,10036,12653,-0.586343,20.51130000,5.4800,0.130000,-0.870000,1.000000,0.013100,0.000400,-0.000100,50.73,0.00146,74.96,17.76,ACCELERATION
1.1525,-74578725.0000,2308115925.0000,584,623,1207,-0.032312,15.29820000,5.4700,0.090000,-0.910000,1.000000,0.015100,0.000300,-0.000100,12.17,0.00084,25.94,4.26,ACCELERATION
1.1550,-3529903200.0000,9659436000.0000,2148,4622,6770,-0.365436,11.41440000,5.6800,0.060000,-0.940000,1.000000,0.017300,0.000200,-0.000100,23.68,0.00103,44.74,8.29,ACCELERATION
1.1575,-426102312.5000,1247104937.5000,421,858,1279,-0.341673,7.80050000,5.6600,0.040000,-0.960000,1.000000,0.019600,0.000200,0.000000,12.38,0.00081,33.59,4.33,ACCELERATION
1.1600,61479000.0000,2228272200.0000,1676,1586,3262,0.027590,5.46480000,5.8000,0.030000,-0.970000,1.000000,0.021900,0.000100,0.000000,12.24,0.00082,18.61,12.24,RESIST/SUPPORT
