Strike,Net GEX,Abs Gamma,Call OI,Put OI,Total OI,OI Imbalance,Gamma,Volatility,Call Delta,Put Delta,Delta Spread,Straddle,Vega,Theta,Level Strength,Gradient Width,Break Score,Resistance Score,Side
NaN,NaN,NaN,NaN,NaN,NaN,NaN,NaN,NaN,NaN,NaN,NaN,NaN,NaN,NaN,NaN,NaN,NaN,NaN,NaN
FP -370
1.1250,-3198822750.0000,3362627200.0000,53,2123,2176,-0.951287,12.36260000,6.6700,0.910000,-0.090000,1.000000,0.018800,0.000300,-0.000100,23.53,0.00100,47.91,8.23,ACCELERATION
1.1275,-1712291787.5000,1712291787.5000,0,889,889,-1.000000,15.40870000,6.4700,0.880000,-0.120000,1.000000,0.016700,0.000400,-0.000100,21.05,0.00096,46.94,7.37,ACCELERATION
1.1300,-6675222400.0000,6689445175.0000,3,2819,2822,-0.997874,18.96370000,6.1500,0.850000,-0.150000,1.000000,0.014600,0.000500,-0.000100,29.03,0.00109,55.41,10.16,ACCELERATION
1.1325,-1254566912.5000,1254566912.5000,0,437,437,-1.000000,22.96690000,6.0600,0.800000,-0.200000,1.000000,0.012900,0.000600,-0.000200,21.20,0.00100,48.17,7.42,ACCELERATION
1.1350,-10469937750.0000,11562101250.0000,162,3268,3430,-0.905539,26.96700000,5.9600,0.740000,-0.260000,1.000000,0.011400,0.000700,-0.000200,34.73,0.00121,60.34,12.16,ACCELERATION
1.1375,-2370344900.0000,2378040825.0000,1,617,618,-0.996764,30.78370000,5.8000,0.670000,-0.330000,1.000000,0.010200,0.000700,-0.000200,23.85,0.00106,51.82,8.35,ACCELERATION
1.1400,-45188544300.0000,47072827800.0000,220,10772,10992,-0.959971,34.25970000,5.5900,0.590000,-0.410000,1.000000,0.009200,0.000800,-0.000200,80.26,0.00186,100.00,28.09,ACCELERATION
1.1425,-761835875.0000,4149764825.0000,378,548,926,-0.183585,35.85110000,5.4900,0.500000,-0.490000,0.990000,0.008900,0.000800,-0.000200,19.30,0.00103,32.08,6.76,ACCELERATION
1.1450,-31625383150.0000,48546993550.0000,1896,8983,10879,-0.651439,35.69960000,5.3900,0.410000,-0.580000,0.990000,0.008900,0.000800,-0.000200,70.35,0.00175,93.02,24.62,ACCELERATION
1.1475,-1722716775.0000,2661618375.0000,112,523,635,-0.647244,33.53220000,5.3000,0.330000,-0.670000,1.000000,0.009400,0.000700,-0.000200,20.96,0.00103,44.09,7.34,ACCELERATION
1.1500,-27370150500.0000,46176364500.0000,2566,10035,12601,-0.592731,29.31600000,5.3300,0.250000,-0.750000,1.000000,0.010600,0.000600,-0.000200,65.61,0.00168,88.18,22.96,ACCELERATION
1.1525,-45918375.0000,3774490425.0000,609,624,1233,-0.012165,24.48980000,5.2500,0.180000,-0.820000,1.000000,0.011900,0.000500,-0.000100,14.72,0.00091,26.22,5.15,ACCELERATION
1.1550,-5931445925.0000,16231159625.0000,2148,4622,6770,-0.365436,19.18010000,5.2200,0.120000,-0.880000,1.000000,0.013700,0.000400,-0.000100,30.09,0.00114,49.18,10.53,ACCELERATION
1.1575,-815633500.0000,2436049500.0000,448,899,1347,-0.334818,14.46800000,5.3200,0.090000,-0.910000,1.000000,0.015700,0.000300,-0.000100,14.33,0.00086,33.35,5.01,ACCELERATION
1.1600,4910700.0000,4024318650.0000,1641,1637,3278,0.001220,9.82140000,5.1700,0.050000,-0.950000,1.000000,0.017800,0.000200,0.000000,13.44,0.00084,16.24,13.44,RESIST/SUPPORT
1.1625,-74001375.0000,542676750.0000,285,375,660,-0.136364,6.57790000,5.2000,0.030000,-0.970000,1.000000,0.020100,0.000100,0.000000,9.51,0.00075,25.63,3.33,ACCELERATION
1.1650,-4058991825.0000,5499060125.0000,1166,7739,8905,-0.738125,4.94020000,5.4900,0.020000,-0.980000,1.000000,0.022600,0.000100,0.000000,25.12,0.00104,53.81,8.79,ACCELERATION
1.1675,178556937.5000,539137937.5000,1035,520,1555,0.331190,2.77370000,5.3400,0.010000,-0.990000,1.000000,0.025000,0.000100,0.000000,11.04,0.00077,23.85,11.04,RESIST/SUPPORT
1.1700,519861600.0000,971866800.0000,4023,1219,5242,0.534910,1.48320000,5.2500,0.010000,-0.990000,1.000000,0.027400,0.000000,0.000000,15.95,0.00087,29.69,15.95,RESIST/SUPPORT
