Strike,Net GEX,Abs Gamma,Call OI,Put OI,Total OI,OI Imbalance,Gamma,Volatility,Call Delta,Put Delta,Delta Spread,Straddle,Vega,Theta,Level Strength,Gradient Width,Break Score,Resistance Score,Side
NaN,NaN,NaN,NaN,NaN,NaN,NaN,NaN,NaN,NaN,NaN,NaN,NaN,NaN,NaN,NaN,NaN,NaN,NaN,NaN
FP -351
1.1100,-461873700.0000,461873700.0000,0,732,732,-1.000000,5.04780000,9.2300,0.960000,-0.040000,1.000000,0.029500,0.000200,-0.000100,19.30,0.00090,41.80,6.75,ACCELERATION
1.1150,-1642619312.5000,1642619312.5000,0,1765,1765,-1.000000,7.44530000,8.5100,0.940000,-0.060000,1.000000,0.024700,0.000200,-0.000100,21.67,0.00094,45.42,7.58,ACCELERATION
1.1200,-1466884800.0000,1466884800.0000,0,1032,1032,-1.000000,11.37120000,7.9800,0.910000,-0.090000,1.000000,0.020200,0.000300,-0.000100,20.71,0.00093,45.71,7.25,ACCELERATION
1.1225,-756015975.0000,756015975.0000,0,429,429,-1.000000,14.09820000,7.9100,0.880000,-0.120000,1.000000,0.018200,0.000400,-0.000200,19.48,0.00093,45.10,6.82,ACCELERATION
1.1250,-5639717475.0000,5865647200.0000,53,2699,2752,-0.961483,17.05130000,7.6500,0.850000,-0.150000,1.000000,0.016200,0.000400,-0.000200,28.10,0.00107,53.58,9.84,ACCELERATION
1.1275,-2276895687.5000,2276895687.5000,0,889,889,-1.000000,20.48950000,7.2500,0.810000,-0.190000,1.000000,0.014200,0.000500,-0.000200,22.64,0.00100,49.52,7.92,ACCELERATION
1.1300,-10990551600.0000,11008702800.0000,3,3636,3639,-0.998351,24.20160000,7.0400,0.760000,-0.240000,1.000000,0.012600,0.000600,-0.000200,36.32,0.00121,63.79,12.71,ACCELERATION
1.1325,-1643066100.0000,1643066100.0000,0,468,468,-1.000000,28.08660000,6.7700,0.700000,-0.300000,1.000000,0.011100,0.000600,-0.000200,22.65,0.00102,50.78,7.93,ACCELERATION
1.1350,-12021512062.5000,13652749687.5000,207,3258,3465,-0.880519,31.52150000,6.5700,0.630000,-0.370000,1.000000,0.010000,0.000700,-0.000200,38.19,0.00126,64.55,13.36,ACCELERATION
1.1375,-1853214187.5000,3932222287.5000,244,679,923,-0.471289,34.08210000,6.3800,0.550000,-0.450000,1.000000,0.009300,0.000700,-0.000300,21.76,0.00105,40.56,7.62,ACCELERATION
1.1400,-40565891600.0000,44353540400.0000,438,9820,10258,-0.914603,34.59040000,6.3300,0.470000,-0.530000,1.000000,0.009200,0.000700,-0.000300,77.90,0.00181,100.00,27.27,ACCELERATION
1.1425,-281128650.0000,4426727250.0000,494,561,1055,-0.063507,33.56760000,6.2500,0.380000,-0.620000,1.000000,0.009500,0.000700,-0.000200,17.93,0.00099,29.83,6.28,ACCELERATION
1.1450,-13908897500.0000,31527350625.0000,2275,5867,8142,-0.441169,30.97750000,6.1600,0.300000,-0.700000,1.000000,0.010200,0.000600,-0.000200,48.36,0.00142,68.44,16.93,ACCELERATION
1.1475,-1130298375.0000,2358443475.0000,182,517,699,-0.479256,26.99220000,6.0900,0.220000,-0.780000,1.000000,0.011300,0.000500,-0.000200,17.73,0.00095,39.19,6.20,ACCELERATION
1.1500,-20435342350.0000,35227324450.0000,2667,10036,12703,-0.580099,22.18520000,6.1100,0.160000,-0.840000,1.000000,0.012900,0.000400,-0.000100,56.04,0.00152,80.14,19.61,ACCELERATION
1.1525,-89685225.0000,2583788625.0000,584,626,1210,-0.034711,17.08290000,5.9100,0.110000,-0.890000,1.000000,0.014600,0.000300,-0.000100,12.43,0.00083,26.25,4.35,ACCELERATION
1.1550,-3783810937.5000,10339358937.5000,2144,4619,6763,-0.365962,12.23050000,5.8100,0.070000,-0.930000,1.000000,0.016600,0.000200,-0.000100,24.45,0.00102,45.52,8.56,ACCELERATION
1.1575,-446973487.5000,1302517012.5000,401,820,1221,-0.343161,8.53410000,5.8600,0.040000,-0.960000,1.000000,0.018900,0.000200,0.000000,11.93,0.00078,33.17,4.18,ACCELERATION
1.1600,121776375.0000,2392414125.0000,1662,1501,3163,0.050901,6.05100000,6.0400,0.030000,-0.970000,1.000000,0.021200,0.000100,0.000000,11.84,0.00080,18.98,11.84,RESIST/SUPPORT
