Strike,Net GEX,Abs Gamma,Call OI,Put OI,Total OI,OI Imbalance,Gamma,Volatility,Call Delta,Put Delta,Delta Spread,Straddle,Vega,Theta,Level Strength,Gradient Width,Break Score,Resistance Score,Side
NaN,NaN,NaN,NaN,NaN,NaN,NaN,NaN,NaN,NaN,NaN,NaN,NaN,NaN,NaN,NaN,NaN,NaN,NaN,NaN
FP -329
1.0700,-7837012.5000,7989187.5000,1,104,105,-0.980952,0.60870000,15.9400,1.000000,0.000000,1.000000,0.050900,0.000000,0.000000,14.15,0.00079,44.36,4.95,ACCELERATION
1.1000,-717151662.5000,717151662.5000,0,721,721,-1.000000,7.95730000,10.3200,0.950000,-0.050000,1.000000,0.021400,0.000100,-0.000100,20.32,0.00086,40.32,7.11,ACCELERATION
1.1050,-2272309025.0000,2272309025.0000,0,1402,1402,-1.000000,12.96610000,9.1700,0.920000,-0.080000,1.000000,0.016700,0.000200,-0.000200,27.02,0.00096,48.78,9.46,ACCELERATION
1.1100,-2952587512.5000,2952587512.5000,0,1073,1073,-1.000000,22.01370000,8.3700,0.850000,-0.140000,0.990000,0.012400,0.000300,-0.000300,29.73,0.00102,53.26,10.41,ACCELERATION
1.1150,-8041343887.5000,8041343887.5000,0,1857,1857,-1.000000,34.64230000,7.6600,0.730000,-0.270000,1.000000,0.008900,0.000400,-0.000400,49.24,0.00131,74.53,17.23,ACCELERATION
1.1175,-1178075925.0000,1178075925.0000,0,234,234,-1.000000,40.27610000,7.4800,0.640000,-0.360000,1.000000,0.007800,0.000500,-0.000400,25.13,0.00104,51.30,8.79,ACCELERATION
1.1200,-4705668100.0000,4716688400.0000,1,855,856,-0.997664,44.08120000,7.2800,0.540000,-0.460000,1.000000,0.007200,0.000500,-0.000400,37.57,0.00120,64.58,13.15,ACCELERATION
1.1225,-5478734800.0000,5478734800.0000,0,968,968,-1.000000,45.27880000,6.9900,0.430000,-0.570000,1.000000,0.007000,0.000500,-0.000400,39.75,0.00123,67.69,13.91,ACCELERATION
1.1250,-15297280500.0000,15759693900.0000,43,2888,2931,-0.970658,43.01520000,6.6000,0.310000,-0.690000,1.000000,0.007300,0.000400,-0.000300,71.94,0.00160,100.00,25.18,ACCELERATION
1.1275,-4369405600.0000,4736507300.0000,41,1017,1058,-0.922495,35.81480000,6.2500,0.200000,-0.800000,1.000000,0.008300,0.000300,-0.000200,33.35,0.00110,61.51,11.67,ACCELERATION
1.1300,-9313809750.0000,11449016475.0000,337,3277,3614,-0.813503,25.34370000,5.9800,0.110000,-0.890000,1.000000,0.009900,0.000200,-0.000200,50.60,0.00129,77.46,17.71,ACCELERATION
1.1325,-613196875.0000,1139346875.0000,136,453,589,-0.538200,15.47500000,5.8800,0.060000,-0.940000,1.000000,0.012000,0.000100,-0.000100,14.61,0.00078,36.85,5.12,ACCELERATION
1.1350,-2874921075.0000,3530109375.0000,348,3402,3750,-0.814400,7.53090000,5.6300,0.020000,-0.980000,1.000000,0.014300,0.000100,0.000000,25.27,0.00093,53.91,8.85,ACCELERATION
1.1375,-125123200.0000,601177875.0000,487,743,1230,-0.208130,3.91010000,5.7900,0.010000,-0.990000,1.000000,0.016700,0.000000,0.000000,9.46,0.00068,26.86,3.31,ACCELERATION
1.1400,-1462196187.5000,2187455687.5000,1708,8595,10303,-0.668446,1.69850000,5.8000,0.000000,-1.000000,1.000000,0.019200,0.000000,0.000000,26.64,0.00103,54.12,9.32,ACCELERATION
1.1425,32401600.0000,150015200.0000,867,559,1426,0.215989,0.84160000,6.0000,0.000000,-1.000000,1.000000,0.021600,0.000000,0.000000,8.38,0.00067,21.41,8.38,RESIST/SUPPORT
