Strike,Net GEX,Abs Gamma,Call OI,Put OI,Total OI,OI Imbalance,Gamma,Volatility,Call Delta,Put Delta,Delta Spread,Straddle,Vega,Theta,Level Strength,Gradient Width,Break Score,Resistance Score,Side
NaN,NaN,NaN,NaN,NaN,NaN,NaN,NaN,NaN,NaN,NaN,NaN,NaN,NaN,NaN,NaN,NaN,NaN,NaN,NaN
FP -293
1.1175,-456153700.0000,595224950.0000,50,378,428,-0.766355,11.12570000,9.6400,0.980000,-0.020000,1.000000,0.008000,0.000000,0.000000,16.11,0.00084,38.94,5.64,ACCELERATION
1.1200,-3550256412.5000,4087269987.5000,63,896,959,-0.868613,34.09610000,9.0700,0.940000,-0.060000,1.000000,0.005600,0.000000,-0.000100,26.69,0.00099,52.63,9.34,ACCELERATION
1.1225,-9230758350.0000,11798254050.0000,126,1032,1158,-0.782383,81.50780000,8.0600,0.830000,-0.170000,1.000000,0.003500,0.000100,-0.000300,43.24,0.00125,68.53,15.13,ACCELERATION
1.1250,-12694500000.0000,46481400000.0000,1038,1818,2856,-0.273109,130.20000000,7.7700,0.560000,-0.440000,1.000000,0.002400,0.000200,-0.001000,70.77,0.00171,86.94,24.77,ACCELERATION
1.1275,-9844959650.0000,28863326450.0000,708,1441,2149,-0.341089,107.44840000,7.4200,0.240000,-0.760000,1.000000,0.002900,0.000100,-0.000400,52.53,0.00142,71.14,18.38,ACCELERATION
1.1300,-12119478375.0000,21086374275.0000,886,3281,4167,-0.574754,40.48260000,7.4400,0.060000,-0.940000,1.000000,0.004700,0.000000,-0.000100,55.32,0.00144,79.67,19.36,ACCELERATION
1.1325,-44733600.0000,736240500.0000,371,419,790,-0.060759,7.45560000,7.4700,0.010000,-0.990000,1.000000,0.007100,0.000000,0.000000,9.71,0.00074,24.86,3.40,ACCELERATION
1.1350,-227719787.5000,302457712.5000,437,3100,3537,-0.752898,0.68410000,7.4900,0.000000,-1.000000,1.000000,0.009600,0.000000,0.000000,22.01,0.00101,52.07,7.70,ACCELERATION
