Strike,Net GEX,Abs Gamma,Call OI,Put OI,Total OI,OI Imbalance,Gamma,Volatility,Call Delta,Put Delta,Delta Spread,Straddle,Vega,Theta,Level Strength,Gradient Width,Break Score,Resistance Score,Side
NaN,NaN,NaN,NaN,NaN,NaN,NaN,NaN,NaN,NaN,NaN,NaN,NaN,NaN,NaN,NaN,NaN,NaN,NaN,NaN
FP -39.4
7230.0000,-12.0320,12.0320,0,752,752,-1.000000,0.00032000,24.0500,0.980000,-0.020000,1.000000,305.460000,0.311000,-0.978000,14.75,0.00083,49.75,5.16,ACCELERATION
7240.0000,-8.1025,8.1375,1,464,465,-0.995699,0.00035000,23.6700,0.980000,-0.020000,1.000000,295.660000,0.335000,-1.054000,14.32,0.00082,48.74,5.01,ACCELERATION
7250.0000,-187.1025,187.5705,12,9607,9619,-0.997505,0.00039000,23.2600,0.980000,-0.020000,1.000000,285.870000,0.360000,-1.129000,33.90,0.00119,67.85,11.86,ACCELERATION
7260.0000,-9.2020,9.2450,1,429,430,-0.995349,0.00043000,22.9400,0.970000,-0.030000,1.000000,276.170000,0.393000,-1.240000,14.60,0.00082,48.00,5.11,ACCELERATION
7270.0000,-13.3480,13.4420,2,570,572,-0.993007,0.00047000,22.4800,0.970000,-0.030000,1.000000,266.380000,0.419000,-1.315000,15.09,0.00083,47.95,5.28,ACCELERATION
7275.0000,-255.3880,258.1320,56,10480,10536,-0.989370,0.00049000,22.3500,0.970000,-0.030000,1.000000,261.580000,0.440000,-1.387000,39.28,0.00127,71.82,13.75,ACCELERATION
7290.0000,-32.0625,32.2905,4,1129,1133,-0.992939,0.00057000,21.8900,0.960000,-0.040000,1.000000,247.200000,0.503000,-1.600000,17.04,0.00086,48.90,5.96,ACCELERATION
7300.0000,-102.0915,107.9505,93,3334,3427,-0.945725,0.00063000,21.5300,0.960000,-0.040000,1.000000,237.610000,0.546000,-1.741000,23.48,0.00097,53.89,8.22,ACCELERATION
7325.0000,-182.6550,215.8650,405,4860,5265,-0.846154,0.00082000,20.6900,0.950000,-0.050000,1.000000,213.980000,0.675000,-2.178000,30.73,0.00108,57.90,10.75,ACCELERATION
7330.0000,-15.9100,16.5120,7,377,384,-0.963542,0.00086000,20.5200,0.940000,-0.060000,1.000000,209.300000,0.704000,-2.276000,15.91,0.00084,45.18,5.57,ACCELERATION
7340.0000,-15.1050,15.9600,9,327,336,-0.946429,0.00095000,20.2000,0.940000,-0.060000,1.000000,200.050000,0.769000,-2.498000,15.93,0.00084,44.36,5.58,ACCELERATION
7350.0000,-165.0420,185.3940,192,3306,3498,-0.890223,0.00106000,19.8900,0.930000,-0.070000,1.000000,190.900000,0.839000,-2.743000,28.49,0.00103,55.30,9.97,ACCELERATION
7370.0000,-48.3750,50.0520,13,763,776,-0.966495,0.00129000,19.2200,0.910000,-0.090000,1.000000,172.870000,0.992000,-3.264000,19.37,0.00089,46.70,6.78,ACCELERATION
7375.0000,-201.4840,203.6600,16,2979,2995,-0.989316,0.00136000,19.0900,0.910000,-0.090000,1.000000,168.520000,1.037000,-3.428000,31.18,0.00107,58.71,10.91,ACCELERATION
7380.0000,-35.9645,38.9675,21,524,545,-0.922936,0.00143000,18.9400,0.900000,-0.100000,1.000000,164.170000,1.082000,-3.588000,18.47,0.00088,44.43,6.46,ACCELERATION
7395.0000,-41.5830,45.5670,24,525,549,-0.912568,0.00166000,18.4900,0.880000,-0.110000,0.990000,151.380000,1.225000,-4.091000,19.29,0.00090,44.30,6.75,ACCELERATION
7400.0000,-222.5460,273.1800,291,2849,3140,-0.814650,0.00174000,18.2800,0.880000,-0.120000,1.000000,147.060000,1.270000,-4.231000,33.78,0.00111,56.57,11.82,ACCELERATION
7410.0000,-139.1435,141.8175,14,1471,1485,-0.981145,0.00191000,17.9600,0.860000,-0.140000,1.000000,138.850000,1.374000,-4.590000,27.34,0.00102,52.97,9.57,ACCELERATION
7420.0000,-148.1550,154.4550,30,1441,1471,-0.959211,0.00210000,17.6400,0.850000,-0.150000,1.000000,130.880000,1.483000,-4.961000,28.34,0.00103,53.03,9.92,ACCELERATION
7425.0000,-76.3400,94.3800,82,776,858,-0.808858,0.00220000,17.4900,0.840000,-0.160000,1.000000,127.010000,1.540000,-5.155000,22.79,0.00096,44.22,7.98,ACCELERATION
7430.0000,-38.2950,42.8950,20,353,373,-0.892761,0.00230000,17.3100,0.830000,-0.170000,1.000000,123.150000,1.595000,-5.337000,20.45,0.00093,43.30,7.16,ACCELERATION
7440.0000,-40.4460,50.0220,38,359,397,-0.808564,0.00252000,16.9700,0.810000,-0.190000,1.000000,115.660000,1.710000,-5.707000,20.68,0.00094,41.36,7.24,ACCELERATION
7450.0000,-208.7250,243.9250,128,1646,1774,-0.855693,0.00275000,16.6500,0.790000,-0.210000,1.000000,108.630000,1.828000,-6.097000,34.27,0.00113,55.38,11.99,ACCELERATION
7460.0000,-92.3800,119.7960,92,712,804,-0.771144,0.00298000,16.3600,0.760000,-0.240000,1.000000,102.060000,1.948000,-6.487000,25.78,0.00103,44.71,9.02,ACCELERATION
7465.0000,-53.0100,61.6900,28,370,398,-0.859296,0.00310000,16.1500,0.750000,-0.250000,1.000000,98.700000,2.004000,-6.636000,23.35,0.00100,43.79,8.17,ACCELERATION
7470.0000,-54.9010,75.5090,64,405,469,-0.727079,0.00322000,16.0200,0.740000,-0.260000,1.000000,95.760000,2.063000,-6.827000,23.21,0.00100,40.75,8.12,ACCELERATION
7475.0000,-413.6590,547.2590,400,2877,3277,-0.755874,0.00334000,15.8600,0.720000,-0.280000,1.000000,92.840000,2.119000,-6.994000,52.58,0.00138,70.45,18.40,ACCELERATION
7480.0000,-73.7375,140.7085,193,618,811,-0.524044,0.00347000,15.6700,0.710000,-0.290000,1.000000,89.940000,2.173000,-7.134000,25.18,0.00103,38.17,8.81,ACCELERATION
7485.0000,12.5300,79.1180,256,186,442,0.158371,0.00358000,15.5500,0.690000,-0.310000,1.000000,87.460000,2.227000,-7.304000,18.38,0.00095,10.01,18.38,RESIST/SUPPORT
7490.0000,-38.5840,120.9460,222,430,652,-0.319018,0.00371000,15.3600,0.670000,-0.330000,1.000000,84.800000,2.276000,-7.414000,22.29,0.00101,30.67,7.80,ACCELERATION
7495.0000,-9.9320,61.5020,135,187,322,-0.161491,0.00382000,15.2200,0.660000,-0.340000,1.000000,82.560000,2.323000,-7.546000,18.33,0.00096,23.30,6.41,ACCELERATION
7500.0000,-754.7565,968.5485,544,4385,4929,-0.779266,0.00393000,15.0800,0.640000,-0.360000,1.000000,80.450000,2.367000,-7.654000,80.90,0.00175,97.98,28.31,ACCELERATION
7505.0000,-37.3700,76.9620,98,283,381,-0.485564,0.00404000,14.9000,0.620000,-0.380000,1.000000,78.370000,2.406000,-7.724000,22.96,0.00102,33.93,8.04,ACCELERATION
7510.0000,-46.4800,180.1100,322,546,868,-0.258065,0.00415000,14.7000,0.600000,-0.400000,1.000000,76.310000,2.440000,-7.756000,25.28,0.00106,31.44,8.85,ACCELERATION
7515.0000,-29.0440,80.3480,121,258,379,-0.361478,0.00424000,14.5600,0.580000,-0.420000,1.000000,74.770000,2.470000,-7.804000,22.38,0.00102,30.36,7.83,ACCELERATION
7520.0000,-204.5925,379.9575,405,1350,1755,-0.538462,0.00433000,14.3900,0.560000,-0.440000,1.000000,73.270000,2.493000,-7.806000,40.56,0.00125,51.83,14.20,ACCELERATION
7525.0000,-526.0625,862.7425,760,3135,3895,-0.609756,0.00443000,14.1800,0.540000,-0.460000,1.000000,71.810000,2.510000,-7.762000,69.50,0.00162,81.95,24.33,ACCELERATION
7530.0000,-73.6360,282.4210,465,793,1258,-0.260731,0.00449000,14.0400,0.520000,-0.480000,1.000000,70.860000,2.519000,-7.721000,30.80,0.00114,36.01,10.78,ACCELERATION
7535.0000,14.5600,72.8000,192,128,320,0.200000,0.00455000,13.8600,0.490000,-0.510000,1.000000,69.930000,2.521000,-7.628000,21.12,0.00101,9.53,21.12,RESIST/SUPPORT
7540.0000,-13.3690,246.6350,506,564,1070,-0.054206,0.00461000,13.6300,0.470000,-0.530000,1.000000,69.010000,2.515000,-7.479000,25.71,0.00108,27.29,9.00,ACCELERATION
7545.0000,37.1200,82.5920,258,98,356,0.449438,0.00464000,13.4600,0.450000,-0.550000,1.000000,68.600000,2.500000,-7.327000,24.25,0.00105,15.80,24.25,RESIST/SUPPORT
7550.0000,358.8895,1045.3795,3007,1470,4477,0.343310,0.00467000,13.2600,0.420000,-0.580000,1.000000,68.270000,2.475000,-7.121000,66.62,0.00159,24.52,66.62,RESIST/SUPPORT
7560.0000,-15.5440,219.2400,439,506,945,-0.070899,0.00464000,12.9100,0.370000,-0.630000,1.000000,68.660000,2.394000,-6.642000,24.65,0.00106,27.57,8.63,ACCELERATION
7570.0000,93.9975,256.1715,773,358,1131,0.366932,0.00453000,12.5600,0.320000,-0.680000,1.000000,70.120000,2.272000,-6.041000,30.54,0.00112,16.97,30.54,RESIST/SUPPORT
7575.0000,68.2220,339.3380,920,612,1532,0.201044,0.00443000,12.4000,0.300000,-0.700000,1.000000,71.360000,2.196000,-5.714000,30.73,0.00112,13.95,30.73,RESIST/SUPPORT
7580.0000,-1.0775,213.5605,493,498,991,-0.005045,0.00431000,12.2600,0.280000,-0.720000,1.000000,72.890000,2.111000,-5.370000,22.44,0.00101,25.04,7.85,ACCELERATION
7585.0000,124.8915,142.8225,642,43,685,0.874453,0.00417000,12.1000,0.250000,-0.750000,1.000000,74.640000,2.016000,-4.999000,30.81,0.00110,27.94,30.81,RESIST/SUPPORT
7590.0000,-10.4260,148.3700,344,396,740,-0.070270,0.00401000,11.8800,0.230000,-0.770000,1.000000,76.430000,1.907000,-4.575000,20.42,0.00097,24.82,7.15,ACCELERATION
7595.0000,34.2785,61.0885,249,70,319,0.561129,0.00383000,11.7400,0.200000,-0.790000,0.990000,78.760000,1.796000,-4.190000,21.64,0.00097,19.88,21.64,RESIST/SUPPORT
7600.0000,345.3945,753.7695,3028,1125,4153,0.458223,0.00363000,11.5300,0.180000,-0.820000,1.000000,81.130000,1.672000,-3.759000,54.23,0.00139,26.22,54.23,RESIST/SUPPORT
7610.0000,98.5870,168.3270,842,220,1062,0.585687,0.00317000,11.2100,0.140000,-0.860000,1.000000,86.950000,1.419000,-2.971000,26.20,0.00101,22.26,26.20,RESIST/SUPPORT
7620.0000,178.4860,210.9380,1464,122,1586,0.846154,0.00266000,10.8900,0.110000,-0.890000,1.000000,93.680000,1.157000,-2.231000,31.40,0.00105,29.27,31.40,RESIST/SUPPORT
7625.0000,149.9725,258.4785,1709,454,2163,0.580213,0.00239000,10.7000,0.090000,-0.910000,1.000000,97.320000,1.023000,-1.881000,29.76,0.00103,23.79,29.76,RESIST/SUPPORT
7630.0000,186.6945,197.5575,1804,51,1855,0.945013,0.00213000,10.5400,0.080000,-0.920000,1.000000,101.200000,0.897000,-1.571000,31.11,0.00103,31.68,31.11,RESIST/SUPPORT
7635.0000,62.4160,64.6720,676,12,688,0.965116,0.00188000,10.4100,0.060000,-0.940000,1.000000,105.300000,0.781000,-1.307000,21.55,0.00089,29.94,21.55,RESIST/SUPPORT
7640.0000,46.1290,54.1160,615,49,664,0.852410,0.00163000,10.2500,0.050000,-0.950000,1.000000,109.500000,0.666000,-1.054000,19.31,0.00085,27.38,19.31,RESIST/SUPPORT
7650.0000,171.5385,187.9605,3021,138,3159,0.912631,0.00119000,10.0000,0.030000,-0.970000,1.000000,118.390000,0.474000,-0.676000,29.56,0.00099,31.64,29.56,RESIST/SUPPORT
7655.0000,20.9500,21.5500,425,6,431,0.972158,0.00100000,9.9000,0.030000,-0.970000,1.000000,123.000000,0.395000,-0.534000,16.80,0.00080,29.89,16.80,RESIST/SUPPORT
7660.0000,69.1260,71.1760,1711,25,1736,0.971198,0.00082000,9.7800,0.020000,-0.980000,1.000000,127.680000,0.323000,-0.413000,20.94,0.00086,31.16,20.94,RESIST/SUPPORT
7665.0000,37.1220,37.3290,1079,3,1082,0.994455,0.00069000,9.7600,0.020000,-0.980000,1.000000,132.480000,0.271000,-0.333000,18.05,0.00081,31.15,18.05,RESIST/SUPPORT
7670.0000,25.5175,26.9925,890,25,915,0.945355,0.00059000,9.7800,0.010000,-0.990000,1.000000,137.340000,0.230000,-0.274000,16.62,0.00079,30.06,16.62,RESIST/SUPPORT
7675.0000,17.1745,18.8405,735,34,769,0.911573,0.00049000,9.7400,0.010000,-0.990000,1.000000,142.190000,0.189000,-0.215000,15.49,0.00077,29.35,15.49,RESIST/SUPPORT
