Strike,Net GEX,Abs Gamma,Call OI,Put OI,Total OI,OI Imbalance,Gamma,Volatility,Call Delta,Put Delta,Delta Spread,Straddle,Vega,Theta,Level Strength,Gradient Width,Break Score,Resistance Score,Side
NaN,NaN,NaN,NaN,NaN,NaN,NaN,NaN,NaN,NaN,NaN,NaN,NaN,NaN,NaN,NaN,NaN,NaN,NaN,NaN
FP -60.4
7450.0000,-35.0360,35.6060,30,3718,3748,-0.983991,0.00019000,20.4200,0.990000,-0.010000,1.000000,303.480000,0.159000,-0.371000,24.03,0.00102,56.07,8.41,ACCELERATION
7475.0000,-19.9625,20.2625,12,1609,1621,-0.985194,0.00025000,19.6500,0.990000,-0.010000,1.000000,278.760000,0.207000,-0.488000,18.38,0.00089,50.56,6.43,ACCELERATION
7500.0000,-39.5760,43.0780,103,2431,2534,-0.918706,0.00034000,18.8600,0.980000,-0.020000,1.000000,254.150000,0.268000,-0.644000,21.19,0.00095,52.17,7.42,ACCELERATION
7540.0000,-30.6000,31.1400,9,1029,1038,-0.982659,0.00060000,17.9700,0.970000,-0.030000,1.000000,215.440000,0.444000,-1.138000,17.82,0.00087,50.28,6.24,ACCELERATION
7550.0000,-105.5020,106.1820,10,3113,3123,-0.993596,0.00068000,17.7000,0.960000,-0.040000,1.000000,205.870000,0.498000,-1.291000,27.44,0.00104,60.17,9.60,ACCELERATION
7560.0000,-83.8110,84.9030,14,2163,2177,-0.987138,0.00078000,17.5400,0.960000,-0.040000,1.000000,196.480000,0.568000,-1.504000,24.03,0.00098,56.69,8.41,ACCELERATION
7575.0000,-119.8560,121.4880,17,2514,2531,-0.986567,0.00096000,17.2500,0.950000,-0.050000,1.000000,182.570000,0.684000,-1.863000,27.45,0.00103,60.17,9.61,ACCELERATION
7600.0000,-388.4760,404.7120,123,6009,6132,-0.959883,0.00132000,16.8200,0.920000,-0.080000,1.000000,160.140000,0.921000,-2.635000,54.14,0.00145,86.45,18.95,ACCELERATION
7625.0000,-161.8020,170.8800,51,1869,1920,-0.946875,0.00178000,16.3900,0.890000,-0.110000,1.000000,138.950000,1.207000,-3.609000,30.11,0.00108,62.28,10.54,ACCELERATION
7635.0000,-197.6070,202.5820,25,2011,2036,-0.975442,0.00199000,16.2100,0.870000,-0.130000,1.000000,130.920000,1.335000,-4.052000,33.17,0.00112,65.97,11.61,ACCELERATION
7650.0000,-396.0240,428.0400,138,3552,3690,-0.925203,0.00232000,16.0400,0.840000,-0.160000,1.000000,119.740000,1.543000,-4.817000,51.23,0.00139,83.09,17.93,ACCELERATION
7675.0000,-307.9140,369.5260,211,2320,2531,-0.833267,0.00292000,15.5600,0.780000,-0.220000,1.000000,102.540000,1.884000,-6.021000,44.00,0.00130,74.15,15.40,ACCELERATION
7680.0000,-176.5950,193.9800,57,1215,1272,-0.910377,0.00305000,15.4300,0.770000,-0.230000,1.000000,99.280000,1.948000,-6.229000,31.74,0.00113,63.46,11.11,ACCELERATION
7690.0000,-168.4480,254.6460,262,1286,1548,-0.661499,0.00329000,15.3100,0.740000,-0.260000,1.000000,93.760000,2.084000,-6.733000,32.66,0.00116,59.46,11.43,ACCELERATION
7700.0000,-564.4320,712.9760,422,3629,4051,-0.791656,0.00352000,15.1600,0.710000,-0.290000,1.000000,88.700000,2.208000,-7.178000,67.98,0.00164,97.43,23.79,ACCELERATION
7720.0000,-202.5380,282.6930,205,1241,1446,-0.716459,0.00391000,14.9300,0.640000,-0.360000,1.000000,80.880000,2.416000,-7.932000,35.92,0.00122,63.96,12.57,ACCELERATION
7725.0000,-146.6000,227.0000,201,934,1135,-0.645815,0.00400000,14.8000,0.620000,-0.380000,1.000000,79.050000,2.456000,-8.031000,31.17,0.00116,57.82,10.91,ACCELERATION
7730.0000,-90.1680,212.1600,299,741,1040,-0.425000,0.00408000,14.7400,0.600000,-0.400000,1.000000,77.700000,2.490000,-8.141000,27.13,0.00111,49.40,9.50,ACCELERATION
7750.0000,-288.1000,622.6400,778,2118,2896,-0.462707,0.00430000,14.4000,0.510000,-0.490000,1.000000,73.960000,2.565000,-8.267000,51.36,0.00145,74.48,17.98,ACCELERATION
7760.0000,14.8580,229.8620,560,492,1052,0.064639,0.00437000,14.1300,0.470000,-0.530000,1.000000,72.830000,2.560000,-8.090000,23.03,0.00107,20.97,23.03,RESIST/SUPPORT
7775.0000,-135.0340,481.7140,810,1441,2251,-0.280320,0.00428000,14.0600,0.410000,-0.590000,1.000000,74.430000,2.494000,-7.776000,38.71,0.00128,58.31,13.55,ACCELERATION
7780.0000,45.1560,339.4120,907,694,1601,0.133042,0.00424000,13.9900,0.380000,-0.620000,1.000000,75.190000,2.457000,-7.586000,28.72,0.00115,23.86,28.72,RESIST/SUPPORT
7790.0000,-45.3050,423.3250,922,1143,2065,-0.107022,0.00410000,13.8900,0.340000,-0.660000,1.000000,77.580000,2.360000,-7.154000,31.74,0.00119,47.95,11.11,ACCELERATION
7800.0000,239.8785,641.0445,2253,1026,3279,0.374199,0.00391000,13.8100,0.300000,-0.700000,1.000000,80.880000,2.237000,-6.640000,49.35,0.00141,33.94,49.35,RESIST/SUPPORT
7825.0000,129.9110,300.0830,1319,522,1841,0.432917,0.00326000,13.7100,0.210000,-0.790000,1.000000,93.000000,1.850000,-5.172000,31.21,0.00113,30.71,31.21,RESIST/SUPPORT
7830.0000,138.8615,161.2535,965,72,1037,0.861138,0.00311000,13.7000,0.190000,-0.810000,1.000000,95.960000,1.764000,-4.860000,28.13,0.00107,38.52,28.13,RESIST/SUPPORT
7850.0000,142.5000,243.0000,1542,402,1944,0.586420,0.00250000,13.7100,0.140000,-0.860000,1.000000,109.520000,1.417000,-3.684000,29.75,0.00109,33.53,29.75,RESIST/SUPPORT
7860.0000,88.4400,138.1600,1030,226,1256,0.640127,0.00220000,13.7100,0.110000,-0.880000,0.990000,117.060000,1.248000,-3.137000,22.97,0.00098,32.97,22.97,RESIST/SUPPORT
7875.0000,156.9960,173.7280,1858,94,1952,0.903689,0.00178000,13.8100,0.090000,-0.910000,1.000000,129.310000,1.020000,-2.448000,28.91,0.00105,39.80,28.91,RESIST/SUPPORT
7900.0000,141.7640,161.8940,2489,165,2654,0.875659,0.00122000,14.1200,0.050000,-0.940000,0.990000,151.420000,0.715000,-1.603000,28.24,0.00104,39.19,28.24,RESIST/SUPPORT
7925.0000,50.7545,53.1615,1252,29,1281,0.954723,0.00083000,14.6200,0.040000,-0.960000,1.000000,174.840000,0.503000,-1.073000,18.84,0.00088,38.55,18.84,RESIST/SUPPORT
7950.0000,61.4460,64.2390,2205,49,2254,0.956522,0.00057000,15.2100,0.020000,-0.980000,1.000000,198.930000,0.359000,-0.737000,21.18,0.00093,39.30,21.18,RESIST/SUPPORT
7975.0000,25.2000,26.3200,1288,28,1316,0.957447,0.00040000,15.9400,0.020000,-0.980000,1.000000,223.410000,0.266000,-0.535000,16.75,0.00085,38.34,16.75,RESIST/SUPPORT
