Strike,Net GEX,Abs Gamma,Call OI,Put OI,Total OI,OI Imbalance,Gamma,Volatility,Call Delta,Put Delta,Delta Spread,Straddle,Vega,Theta,Level Strength,Gradient Width,Break Score,Resistance Score,Side
NaN,NaN,NaN,NaN,NaN,NaN,NaN,NaN,NaN,NaN,NaN,NaN,NaN,NaN,NaN,NaN,NaN,NaN,NaN,NaN
FP -53
7625.0000,-20.1150,21.0150,30,1371,1401,-0.957173,0.00030000,18.7200,0.990000,-0.010000,1.000000,226.030000,0.166000,-0.406000,17.09,0.00088,49.46,5.98,ACCELERATION
7650.0000,-111.0060,122.8080,281,5567,5848,-0.903899,0.00042000,17.5600,0.980000,-0.020000,1.000000,201.300000,0.217000,-0.537000,29.39,0.00114,60.82,10.28,ACCELERATION
7675.0000,-95.6970,105.5880,157,3195,3352,-0.906325,0.00063000,16.6500,0.980000,-0.020000,1.000000,176.850000,0.307000,-0.798000,23.38,0.00100,55.00,8.18,ACCELERATION
7680.0000,-29.0020,37.7740,129,982,1111,-0.767777,0.00068000,16.3900,0.970000,-0.030000,1.000000,171.950000,0.323000,-0.842000,15.36,0.00084,44.23,5.38,ACCELERATION
7695.0000,-41.2370,44.1610,34,993,1027,-0.933788,0.00086000,15.7900,0.970000,-0.030000,1.000000,157.420000,0.395000,-1.060000,16.56,0.00085,48.83,5.80,ACCELERATION
7700.0000,-118.0170,191.5250,782,3293,4075,-0.616196,0.00094000,15.7000,0.960000,-0.040000,1.000000,152.700000,0.433000,-1.188000,24.80,0.00104,50.73,8.68,ACCELERATION
7710.0000,-62.9750,82.6650,179,1324,1503,-0.761810,0.00110000,15.2400,0.960000,-0.040000,1.000000,143.080000,0.489000,-1.361000,17.59,0.00088,46.49,6.16,ACCELERATION
7750.0000,-378.1815,599.4885,1039,4590,5629,-0.630840,0.00213000,13.8200,0.910000,-0.090000,1.000000,106.290000,0.860000,-2.700000,40.15,0.00128,66.63,14.05,ACCELERATION
7760.0000,-8.7500,223.2500,858,928,1786,-0.039194,0.00250000,13.4500,0.890000,-0.110000,1.000000,97.580000,0.984000,-3.183000,15.56,0.00089,30.26,5.45,ACCELERATION
7775.0000,2.3700,240.0020,767,752,1519,0.009875,0.00316000,12.9500,0.860000,-0.140000,1.000000,85.190000,1.198000,-4.069000,15.55,0.00090,18.08,15.55,RESIST/SUPPORT
7780.0000,-66.3245,275.0165,612,1001,1613,-0.241166,0.00341000,12.7600,0.850000,-0.150000,1.000000,81.200000,1.272000,-4.379000,19.27,0.00095,38.11,6.74,ACCELERATION
7800.0000,-200.6950,783.8380,1293,2183,3476,-0.256041,0.00451000,12.1500,0.780000,-0.220000,1.000000,66.910000,1.601000,-5.851000,34.30,0.00121,53.54,12.00,ACCELERATION
7810.0000,169.2425,421.1975,1160,495,1655,0.401813,0.00509000,11.8600,0.740000,-0.260000,1.000000,60.810000,1.764000,-6.606000,26.30,0.00108,28.78,26.30,RESIST/SUPPORT
7820.0000,-3.1130,290.0750,507,518,1025,-0.010732,0.00566000,11.5800,0.690000,-0.310000,1.000000,55.560000,1.914000,-7.289000,17.85,0.00098,32.28,6.25,ACCELERATION
7825.0000,13.0460,433.4830,753,709,1462,0.030096,0.00593000,11.4300,0.660000,-0.340000,1.000000,53.260000,1.980000,-7.571000,21.36,0.00104,20.18,21.36,RESIST/SUPPORT
7840.0000,277.4880,600.2400,1338,492,1830,0.462295,0.00656000,11.0800,0.570000,-0.430000,1.000000,48.440000,2.124000,-8.172000,33.37,0.00120,31.91,33.37,RESIST/SUPPORT
7850.0000,999.7110,1548.8910,3759,810,4569,0.645437,0.00678000,10.8900,0.500000,-0.500000,1.000000,46.980000,2.156000,-8.223000,68.82,0.00169,44.48,68.82,RESIST/SUPPORT
7870.0000,261.2935,384.5265,980,187,1167,0.679520,0.00659000,10.5600,0.370000,-0.630000,1.000000,48.270000,2.034000,-7.277000,29.93,0.00114,35.54,29.93,RESIST/SUPPORT
7875.0000,541.0040,634.5900,1834,146,1980,0.852525,0.00641000,10.4800,0.330000,-0.670000,1.000000,49.500000,1.964000,-6.846000,41.82,0.00129,42.00,41.82,RESIST/SUPPORT
7880.0000,251.2170,421.7850,1089,276,1365,0.595604,0.00618000,10.4200,0.300000,-0.700000,1.000000,51.130000,1.880000,-6.369000,29.63,0.00113,33.84,29.63,RESIST/SUPPORT
7900.0000,513.5240,755.5240,2622,500,3122,0.679693,0.00484000,10.2500,0.190000,-0.810000,1.000000,61.020000,1.450000,-4.247000,42.32,0.00128,38.79,42.32,RESIST/SUPPORT
7910.0000,208.3725,218.9025,1055,26,1081,0.951896,0.00405000,10.1900,0.140000,-0.860000,1.000000,67.640000,1.208000,-3.230000,25.03,0.00100,39.97,25.03,RESIST/SUPPORT
7920.0000,217.6280,235.0120,1380,53,1433,0.926029,0.00328000,10.1800,0.100000,-0.900000,1.000000,75.200000,0.977000,-2.374000,25.15,0.00099,39.53,25.15,RESIST/SUPPORT
7925.0000,212.8665,228.2895,1516,53,1569,0.932441,0.00291000,10.1400,0.090000,-0.910000,1.000000,79.170000,0.863000,-1.979000,24.86,0.00098,39.61,24.86,RESIST/SUPPORT
7930.0000,158.2080,167.6800,1273,37,1310,0.943511,0.00256000,10.1100,0.070000,-0.930000,1.000000,83.330000,0.756000,-1.638000,22.03,0.00093,39.15,22.03,RESIST/SUPPORT
7950.0000,137.9235,145.2165,1980,51,2031,0.949778,0.00143000,10.1500,0.040000,-0.960000,1.000000,101.280000,0.425000,-0.745000,21.63,0.00092,39.28,21.63,RESIST/SUPPORT
7975.0000,41.9580,46.3050,1401,69,1470,0.906122,0.00063000,10.4000,0.010000,-0.990000,1.000000,125.280000,0.193000,-0.271000,16.14,0.00082,37.16,16.14,RESIST/SUPPORT
