Strike,Net GEX,Abs Gamma,Call OI,Put OI,Total OI,OI Imbalance,Gamma,Volatility,Call Delta,Put Delta,Delta Spread,Straddle,Vega,Theta,Level Strength,Gradient Width,Break Score,Resistance Score,Side
NaN,NaN,NaN,NaN,NaN,NaN,NaN,NaN,NaN,NaN,NaN,NaN,NaN,NaN,NaN,NaN,NaN,NaN,NaN,NaN
FP -52.6
7725.0000,-66.0600,77.0400,122,1590,1712,-0.857477,0.00090000,16.1500,0.980000,-0.020000,1.000000,112.070000,0.167000,-0.412000,17.18,0.00088,48.32,6.01,ACCELERATION
7750.0000,-586.8900,772.2900,1030,7551,8581,-0.759935,0.00180000,14.8700,0.960000,-0.040000,1.000000,88.010000,0.309000,-0.881000,41.57,0.00130,70.89,14.55,ACCELERATION
7760.0000,-497.7770,705.0750,871,5054,5925,-0.705992,0.00238000,14.3800,0.940000,-0.060000,1.000000,78.680000,0.394000,-1.216000,35.51,0.00118,63.81,12.43,ACCELERATION
7775.0000,-187.9725,459.1925,764,1823,2587,-0.409354,0.00355000,13.6100,0.910000,-0.090000,1.000000,65.190000,0.558000,-1.970000,22.01,0.00097,44.45,7.70,ACCELERATION
7780.0000,-116.7560,363.1960,610,1188,1798,-0.321468,0.00404000,13.3200,0.890000,-0.110000,1.000000,60.840000,0.621000,-2.299000,18.55,0.00092,39.26,6.49,ACCELERATION
7790.0000,-138.8240,261.0720,236,772,1008,-0.531746,0.00518000,12.8700,0.860000,-0.140000,1.000000,52.720000,0.771000,-3.239000,18.85,0.00093,43.82,6.60,ACCELERATION
7800.0000,-615.1620,1452.3300,1284,3171,4455,-0.423569,0.00652000,12.3600,0.810000,-0.190000,1.000000,45.230000,0.931000,-4.492000,42.74,0.00129,65.59,14.96,ACCELERATION
7810.0000,220.3350,761.0490,1236,681,1917,0.289515,0.00794000,11.9900,0.740000,-0.260000,1.000000,38.980000,1.099000,-6.368000,26.38,0.00108,26.82,26.38,RESIST/SUPPORT
7820.0000,-47.0710,592.7290,597,700,1297,-0.079414,0.00914000,11.8200,0.660000,-0.340000,1.000000,34.600000,1.248000,-9.174000,20.62,0.00102,36.70,7.22,ACCELERATION
7825.0000,37.3620,699.3400,769,691,1460,0.053425,0.00958000,11.7700,0.610000,-0.390000,1.000000,33.130000,1.302000,-10.939000,21.80,0.00105,21.03,21.80,RESIST/SUPPORT
7830.0000,80.7665,512.8425,599,436,1035,0.157488,0.00991000,11.7000,0.560000,-0.440000,1.000000,32.090000,1.339000,-12.918000,21.12,0.00104,22.97,21.12,RESIST/SUPPORT
7840.0000,464.4990,1093.0290,1524,615,2139,0.424965,0.01022000,11.4300,0.460000,-0.540000,1.000000,31.150000,1.350000,-13.702000,36.16,0.00124,32.13,36.16,RESIST/SUPPORT
7850.0000,1257.3000,2366.1000,3660,1120,4780,0.531381,0.00990000,11.1100,0.360000,-0.640000,1.000000,32.110000,1.270000,-9.182000,64.99,0.00161,41.52,64.99,RESIST/SUPPORT
7870.0000,315.3150,482.6250,1116,234,1350,0.653333,0.00715000,10.8000,0.180000,-0.820000,1.000000,40.900000,0.892000,-3.577000,26.12,0.00104,34.34,26.12,RESIST/SUPPORT
7875.0000,509.2510,596.8910,1767,140,1907,0.853173,0.00626000,10.8500,0.150000,-0.850000,1.000000,44.360000,0.785000,-2.808000,31.74,0.00110,39.77,31.74,RESIST/SUPPORT
7880.0000,220.4510,358.4350,1074,256,1330,0.615038,0.00539000,10.8400,0.120000,-0.880000,1.000000,48.030000,0.674000,-2.142000,21.90,0.00096,32.57,21.90,RESIST/SUPPORT
7900.0000,299.1600,444.6900,2755,539,3294,0.672738,0.00270000,11.4000,0.050000,-0.950000,1.000000,65.390000,0.355000,-0.822000,25.32,0.00099,34.68,25.32,RESIST/SUPPORT
7910.0000,91.0470,98.6730,1020,41,1061,0.922714,0.00186000,11.7600,0.030000,-0.970000,1.000000,74.790000,0.252000,-0.521000,16.69,0.00084,37.58,16.69,RESIST/SUPPORT
7920.0000,87.8370,96.3930,1335,62,1397,0.911238,0.00138000,12.4800,0.020000,-0.970000,0.990000,84.540000,0.198000,-0.398000,16.83,0.00085,37.43,16.83,RESIST/SUPPORT
