Strike,Net GEX,Abs Gamma,Call OI,Put OI,Total OI,OI Imbalance,Gamma,Volatility,Call Delta,Put Delta,Delta Spread,Straddle,Vega,Theta,Level Strength,Gradient Width,Break Score,Resistance Score,Side
NaN,NaN,NaN,NaN,NaN,NaN,NaN,NaN,NaN,NaN,NaN,NaN,NaN,NaN,NaN,NaN,NaN,NaN,NaN,NaN
FP -56
7525.0000,-32.0880,32.3820,7,1535,1542,-0.990921,0.00042000,14.4400,0.980000,-0.020000,1.000000,252.500000,0.468000,-0.597000,20.67,0.00094,53.33,7.23,ACCELERATION
7550.0000,-61.0960,62.5520,26,2208,2234,-0.976723,0.00056000,13.9400,0.970000,-0.030000,1.000000,228.330000,0.612000,-0.778000,24.86,0.00101,57.36,8.70,ACCELERATION
7575.0000,-73.4580,75.9220,32,1940,1972,-0.967546,0.00077000,13.4700,0.960000,-0.040000,1.000000,204.580000,0.805000,-1.023000,25.49,0.00101,57.94,8.92,ACCELERATION
7600.0000,-288.8600,293.3320,43,5598,5641,-0.984754,0.00104000,13.0400,0.940000,-0.060000,1.000000,181.440000,1.057000,-1.343000,54.45,0.00146,87.36,19.06,ACCELERATION
7620.0000,-63.0300,68.7060,43,998,1041,-0.917387,0.00132000,12.7300,0.920000,-0.080000,1.000000,163.570000,1.307000,-1.664000,22.72,0.00096,54.39,7.95,ACCELERATION
7625.0000,-102.2000,106.1200,28,1488,1516,-0.963061,0.00140000,12.6700,0.910000,-0.090000,1.000000,159.270000,1.380000,-1.760000,27.79,0.00104,60.40,9.73,ACCELERATION
7630.0000,-84.4340,89.9100,37,1178,1215,-0.939095,0.00148000,12.5900,0.910000,-0.090000,1.000000,154.970000,1.453000,-1.853000,25.45,0.00101,57.60,8.91,ACCELERATION
7650.0000,-393.2175,445.0175,280,4531,4811,-0.883600,0.00185000,12.3000,0.880000,-0.120000,1.000000,138.370000,1.767000,-2.255000,64.49,0.00157,95.64,22.57,ACCELERATION
7675.0000,-253.7085,292.5765,164,2305,2469,-0.867153,0.00237000,11.8800,0.830000,-0.170000,1.000000,118.970000,2.192000,-2.774000,46.20,0.00131,77.15,16.17,ACCELERATION
7680.0000,-101.7165,133.5885,128,945,1073,-0.761417,0.00249000,11.7900,0.820000,-0.180000,1.000000,115.320000,2.280000,-2.877000,28.06,0.00107,56.91,9.82,ACCELERATION
7700.0000,-318.8295,552.2715,786,2933,3719,-0.577306,0.00297000,11.4200,0.780000,-0.220000,1.000000,101.590000,2.634000,-3.274000,61.71,0.00155,86.99,21.60,ACCELERATION
7710.0000,-187.9455,243.1575,172,1343,1515,-0.772937,0.00321000,11.2900,0.750000,-0.250000,1.000000,95.700000,2.815000,-3.485000,39.18,0.00124,68.42,13.71,ACCELERATION
7725.0000,-184.2450,232.1700,135,1173,1308,-0.793578,0.00355000,11.1100,0.700000,-0.300000,1.000000,88.070000,3.066000,-3.777000,38.73,0.00124,68.46,13.56,ACCELERATION
7750.0000,-120.9000,545.6620,1054,1654,2708,-0.221566,0.00403000,10.8000,0.610000,-0.390000,1.000000,78.540000,3.387000,-4.107000,47.71,0.00140,66.13,16.70,ACCELERATION
7760.0000,-3.3520,374.1670,885,901,1786,-0.008959,0.00419000,10.6200,0.570000,-0.430000,1.000000,75.630000,3.465000,-4.144000,31.55,0.00119,45.77,11.04,ACCELERATION
7775.0000,90.9300,238.5830,761,341,1102,0.381125,0.00433000,10.4300,0.500000,-0.500000,1.000000,73.420000,3.516000,-4.140000,32.05,0.00119,29.75,32.05,RESIST/SUPPORT
7800.0000,164.5400,421.3090,1353,593,1946,0.390545,0.00433000,10.0800,0.390000,-0.610000,1.000000,73.670000,3.391000,-3.837000,44.91,0.00135,33.28,44.91,RESIST/SUPPORT
7810.0000,149.9400,309.5400,1094,380,1474,0.484396,0.00420000,10.0100,0.350000,-0.650000,1.000000,75.840000,3.266000,-3.650000,39.08,0.00127,33.75,39.08,RESIST/SUPPORT
7825.0000,162.2650,257.2780,1073,243,1316,0.630699,0.00391000,9.8800,0.290000,-0.710000,1.000000,80.600000,3.005000,-3.281000,37.72,0.00123,36.41,37.72,RESIST/SUPPORT
7840.0000,209.9680,250.4480,1308,115,1423,0.838370,0.00352000,9.7600,0.230000,-0.770000,1.000000,87.280000,2.673000,-2.842000,40.79,0.00125,41.41,40.79,RESIST/SUPPORT
7850.0000,353.3950,398.7970,2336,141,2477,0.886153,0.00322000,9.6900,0.190000,-0.810000,1.000000,92.750000,2.424000,-2.528000,56.24,0.00144,46.27,56.24,RESIST/SUPPORT
7875.0000,172.1930,176.2390,1464,17,1481,0.977043,0.00238000,9.4300,0.120000,-0.880000,1.000000,109.070000,1.747000,-1.704000,34.78,0.00113,42.86,34.78,RESIST/SUPPORT
7900.0000,186.2020,252.1420,2792,420,3212,0.738481,0.00157000,9.2600,0.070000,-0.930000,1.000000,129.110000,1.128000,-1.023000,39.29,0.00120,39.34,39.29,RESIST/SUPPORT
7910.0000,72.6915,74.4975,1141,14,1155,0.975758,0.00129000,9.2200,0.050000,-0.950000,1.000000,137.890000,0.924000,-0.815000,22.98,0.00094,40.06,22.98,RESIST/SUPPORT
7930.0000,51.4920,53.4240,1249,23,1272,0.963836,0.00084000,9.2100,0.030000,-0.970000,1.000000,156.320000,0.603000,-0.505000,20.52,0.00090,39.31,20.52,RESIST/SUPPORT
7950.0000,23.5040,26.6760,965,61,1026,0.881092,0.00052000,9.2200,0.020000,-0.980000,1.000000,175.410000,0.373000,-0.295000,16.56,0.00083,36.76,16.56,RESIST/SUPPORT
