Strike,Net GEX,Abs Gamma,Call OI,Put OI,Total OI,OI Imbalance,Gamma,Volatility,Call Delta,Put Delta,Delta Spread,Straddle,Vega,Theta,Level Strength,Gradient Width,Break Score,Resistance Score,Side
NaN,NaN,NaN,NaN,NaN,NaN,NaN,NaN,NaN,NaN,NaN,NaN,NaN,NaN,NaN,NaN,NaN,NaN,NaN,NaN
FP -62.5
7540.0000,-42.9140,43.6880,9,1007,1016,-0.982283,0.00086000,18.0700,0.940000,-0.060000,1.000000,217.420000,0.893000,-2.019000,20.31,0.00095,52.77,7.11,ACCELERATION
7550.0000,-122.4820,123.2340,8,2614,2622,-0.993898,0.00094000,17.8200,0.930000,-0.070000,1.000000,208.260000,0.971000,-2.196000,29.37,0.00110,62.11,10.28,ACCELERATION
7560.0000,-112.0600,113.4120,13,2168,2181,-0.988079,0.00104000,17.6100,0.930000,-0.070000,1.000000,199.270000,1.059000,-2.401000,27.76,0.00107,60.43,9.72,ACCELERATION
7575.0000,-150.1200,151.6800,13,2515,2528,-0.989715,0.00120000,17.2700,0.910000,-0.090000,1.000000,185.970000,1.199000,-2.722000,31.29,0.00113,64.06,10.95,ACCELERATION
7600.0000,-426.5120,444.9040,121,5733,5854,-0.958661,0.00152000,16.7600,0.880000,-0.110000,0.990000,164.780000,1.472000,-3.358000,58.04,0.00154,90.32,20.31,ACCELERATION
7625.0000,-237.2150,246.3350,48,2545,2593,-0.962977,0.00190000,16.3000,0.850000,-0.150000,1.000000,145.080000,1.783000,-4.090000,38.34,0.00124,70.83,13.42,ACCELERATION
7635.0000,-204.1460,208.2660,20,2002,2022,-0.980218,0.00206000,16.0900,0.830000,-0.170000,1.000000,137.600000,1.912000,-4.381000,35.04,0.00119,67.93,12.26,ACCELERATION
7650.0000,-382.4205,409.2165,116,3427,3543,-0.934519,0.00231000,15.8600,0.800000,-0.200000,1.000000,127.310000,2.117000,-4.868000,51.24,0.00143,83.29,17.93,ACCELERATION
7675.0000,-242.0790,294.4130,191,1958,2149,-0.822243,0.00274000,15.4900,0.740000,-0.260000,1.000000,112.180000,2.450000,-5.641000,39.44,0.00127,69.37,13.80,ACCELERATION
7690.0000,-193.0045,290.4785,326,1617,1943,-0.664436,0.00299000,15.2100,0.700000,-0.300000,1.000000,104.210000,2.629000,-6.018000,36.46,0.00124,63.31,12.76,ACCELERATION
7700.0000,-576.3840,711.0000,426,4074,4500,-0.810667,0.00316000,15.0000,0.670000,-0.330000,1.000000,99.400000,2.736000,-6.220000,70.25,0.00171,100.00,24.59,ACCELERATION
7720.0000,-212.3475,283.0725,205,1436,1641,-0.750152,0.00345000,14.6300,0.610000,-0.390000,1.000000,91.800000,2.912000,-6.531000,37.61,0.00127,66.32,13.16,ACCELERATION
7725.0000,-115.5000,203.3500,251,911,1162,-0.567986,0.00350000,14.6000,0.590000,-0.410000,1.000000,90.640000,2.946000,-6.607000,29.50,0.00116,54.60,10.33,ACCELERATION
7750.0000,-267.1400,546.4900,755,2199,2954,-0.488829,0.00370000,14.1900,0.500000,-0.500000,1.000000,86.040000,3.030000,-6.640000,49.15,0.00144,72.79,17.20,ACCELERATION
7760.0000,8.0195,188.9245,528,485,1013,0.042448,0.00373000,14.0100,0.470000,-0.530000,1.000000,85.320000,3.020000,-6.531000,21.85,0.00107,20.23,21.85,RESIST/SUPPORT
7765.0000,45.9420,194.7420,647,400,1047,0.235912,0.00372000,14.0000,0.450000,-0.550000,1.000000,85.710000,3.005000,-6.485000,24.67,0.00111,24.83,24.67,RESIST/SUPPORT
7775.0000,-128.3660,410.6970,761,1453,2214,-0.312556,0.00371000,13.8100,0.410000,-0.590000,1.000000,86.050000,2.954000,-6.263000,37.13,0.00128,57.38,13.00,ACCELERATION
7780.0000,41.2875,293.4165,912,687,1599,0.140713,0.00367000,13.7800,0.390000,-0.610000,1.000000,86.970000,2.918000,-6.164000,27.91,0.00116,23.81,27.91,RESIST/SUPPORT
7790.0000,-112.0080,417.5170,851,1475,2326,-0.268272,0.00359000,13.6500,0.350000,-0.650000,1.000000,88.850000,2.827000,-5.877000,36.40,0.00127,55.83,12.74,ACCELERATION
7800.0000,145.3200,501.3540,1869,1029,2898,0.289855,0.00346000,13.5700,0.320000,-0.680000,1.000000,91.760000,2.711000,-5.559000,41.20,0.00133,30.21,41.20,RESIST/SUPPORT
7825.0000,60.7020,218.0440,923,521,1444,0.278393,0.00302000,13.3700,0.230000,-0.770000,1.000000,102.180000,2.332000,-4.587000,25.49,0.00109,26.18,25.49,RESIST/SUPPORT
7840.0000,182.6510,218.6970,1492,134,1626,0.835178,0.00269000,13.2900,0.190000,-0.810000,1.000000,110.600000,2.068000,-3.960000,33.12,0.00116,39.30,33.12,RESIST/SUPPORT
7850.0000,120.6630,221.5230,1391,410,1801,0.544697,0.00246000,13.2300,0.160000,-0.840000,1.000000,116.850000,1.880000,-3.523000,29.04,0.00111,32.52,29.04,RESIST/SUPPORT
7860.0000,102.1200,152.0700,1145,225,1370,0.671533,0.00222000,13.1900,0.140000,-0.860000,1.000000,123.720000,1.693000,-3.107000,25.68,0.00105,34.27,25.68,RESIST/SUPPORT
7870.0000,123.9770,128.9520,1271,25,1296,0.961420,0.00199000,13.1900,0.120000,-0.880000,1.000000,131.180000,1.516000,-2.729000,26.96,0.00105,40.44,26.96,RESIST/SUPPORT
7875.0000,77.2680,94.0000,911,89,1000,0.822000,0.00188000,13.1800,0.110000,-0.890000,1.000000,135.020000,1.427000,-2.540000,22.52,0.00098,36.57,22.52,RESIST/SUPPORT
7900.0000,113.2650,134.4600,1835,157,1992,0.842369,0.00135000,13.2100,0.070000,-0.930000,1.000000,155.730000,1.031000,-1.738000,26.26,0.00103,38.03,26.26,RESIST/SUPPORT
7925.0000,57.7530,60.4500,1271,29,1300,0.955385,0.00093000,13.3100,0.040000,-0.960000,1.000000,178.120000,0.715000,-1.143000,20.57,0.00092,39.00,20.57,RESIST/SUPPORT
7950.0000,68.1975,71.2845,2214,49,2263,0.956695,0.00063000,13.5700,0.030000,-0.970000,1.000000,201.660000,0.494000,-0.757000,22.86,0.00097,39.72,22.86,RESIST/SUPPORT
7975.0000,27.0470,28.2510,1286,28,1314,0.957382,0.00043000,13.9700,0.020000,-0.980000,1.000000,225.860000,0.349000,-0.520000,17.96,0.00088,38.64,17.96,RESIST/SUPPORT
