Strike,Net GEX,Abs Gamma,Call OI,Put OI,Total OI,OI Imbalance,Gamma,Volatility,Call Delta,Put Delta,Delta Spread,Straddle,Vega,Theta,Level Strength,Gradient Width,Break Score,Resistance Score,Side
NaN,NaN,NaN,NaN,NaN,NaN,NaN,NaN,NaN,NaN,NaN,NaN,NaN,NaN,NaN,NaN,NaN,NaN,NaN,NaN
FP -22.9
7630.0000,-4.8400,66.4400,350,405,755,-0.072848,0.00176000,15.0500,0.900000,-0.100000,1.000000,135.330000,1.151000,-2.975000,12.39,0.00086,27.36,4.34,ACCELERATION
7645.0000,-61.7400,64.0500,11,599,610,-0.963934,0.00210000,14.6500,0.880000,-0.120000,1.000000,122.720000,1.338000,-3.493000,19.86,0.00096,52.73,6.95,ACCELERATION
7650.0000,-90.9090,567.5430,2147,2966,5113,-0.160180,0.00222000,14.5300,0.870000,-0.130000,1.000000,118.690000,1.406000,-3.686000,31.45,0.00117,48.27,11.01,ACCELERATION
7660.0000,-288.2175,616.6485,1319,3634,4953,-0.467393,0.00249000,14.3300,0.850000,-0.150000,1.000000,110.990000,1.551000,-4.109000,40.76,0.00128,63.78,14.27,ACCELERATION
7670.0000,-4.7090,158.1670,554,588,1142,-0.029772,0.00277000,14.1200,0.820000,-0.170000,0.990000,103.640000,1.701000,-4.543000,15.47,0.00093,29.79,5.42,ACCELERATION
7675.0000,-395.1780,488.0070,319,3035,3354,-0.809779,0.00291000,14.0200,0.810000,-0.190000,1.000000,100.140000,1.777000,-4.766000,42.27,0.00128,72.21,14.80,ACCELERATION
7680.0000,-77.5710,223.5330,477,984,1461,-0.347023,0.00306000,13.8900,0.800000,-0.200000,1.000000,96.660000,1.851000,-4.969000,21.85,0.00102,42.55,7.65,ACCELERATION
7690.0000,133.7280,259.0560,1169,373,1542,0.516213,0.00336000,13.6900,0.770000,-0.230000,1.000000,90.230000,2.001000,-5.400000,25.86,0.00108,30.61,25.86,RESIST/SUPPORT
7700.0000,-333.9750,922.8690,1609,3434,5043,-0.361888,0.00366000,13.4800,0.740000,-0.260000,1.000000,84.360000,2.147000,-5.810000,48.92,0.00141,70.03,17.12,ACCELERATION
7710.0000,173.9975,326.8625,1268,387,1655,0.532326,0.00395000,13.2600,0.700000,-0.300000,1.000000,79.050000,2.283000,-6.175000,29.47,0.00114,31.93,29.47,RESIST/SUPPORT
7720.0000,12.2090,524.9870,1276,1218,2494,0.023256,0.00421000,13.1200,0.660000,-0.340000,1.000000,74.790000,2.407000,-6.528000,26.33,0.00113,21.02,26.33,RESIST/SUPPORT
7725.0000,-132.7145,393.3805,602,1215,1817,-0.337369,0.00433000,13.0400,0.640000,-0.360000,1.000000,72.900000,2.461000,-6.671000,28.92,0.00115,49.67,10.12,ACCELERATION
7730.0000,11.8190,133.1310,325,272,597,0.088777,0.00446000,12.9200,0.620000,-0.380000,1.000000,71.030000,2.507000,-6.770000,17.18,0.00100,20.09,17.18,RESIST/SUPPORT
7740.0000,282.5130,419.2650,1519,296,1815,0.673829,0.00462000,12.8400,0.580000,-0.420000,1.000000,68.710000,2.582000,-6.984000,36.65,0.00125,36.72,36.65,RESIST/SUPPORT
7750.0000,102.6000,1130.0250,2595,2163,4758,0.090794,0.00475000,12.6900,0.530000,-0.470000,1.000000,66.940000,2.624000,-7.043000,44.72,0.00140,27.12,44.72,RESIST/SUPPORT
7760.0000,217.8930,379.9900,1243,337,1580,0.573418,0.00481000,12.5600,0.480000,-0.520000,1.000000,66.210000,2.629000,-6.990000,33.13,0.00121,33.93,33.13,RESIST/SUPPORT
7770.0000,10.4720,257.9920,564,520,1084,0.040590,0.00476000,12.5300,0.430000,-0.560000,0.990000,66.950000,2.596000,-6.860000,20.16,0.00105,20.08,20.16,RESIST/SUPPORT
7775.0000,82.6000,512.1200,1260,910,2170,0.161290,0.00472000,12.5000,0.410000,-0.590000,1.000000,67.590000,2.566000,-6.739000,29.36,0.00117,24.82,29.36,RESIST/SUPPORT
7780.0000,129.3590,217.6220,743,189,932,0.594421,0.00467000,12.4200,0.390000,-0.610000,1.000000,68.250000,2.525000,-6.562000,26.26,0.00112,32.73,26.26,RESIST/SUPPORT
7790.0000,208.7680,262.9760,1053,121,1174,0.793867,0.00448000,12.4000,0.340000,-0.660000,1.000000,70.920000,2.420000,-6.201000,30.86,0.00116,37.92,30.86,RESIST/SUPPORT
7800.0000,346.8000,636.6500,2314,682,2996,0.544726,0.00425000,12.3400,0.300000,-0.700000,1.000000,74.350000,2.282000,-5.730000,42.73,0.00132,35.96,42.73,RESIST/SUPPORT
7810.0000,88.5060,129.2940,550,103,653,0.684533,0.00396000,12.2800,0.250000,-0.740000,0.990000,78.640000,2.118000,-5.189000,22.32,0.00103,33.71,22.32,RESIST/SUPPORT
7820.0000,98.5545,112.3485,581,38,619,0.877221,0.00363000,12.2800,0.220000,-0.780000,1.000000,84.010000,1.939000,-4.647000,22.98,0.00103,37.78,22.98,RESIST/SUPPORT
7825.0000,19.8375,167.4975,543,428,971,0.118435,0.00345000,12.2400,0.200000,-0.800000,1.000000,86.820000,1.841000,-4.340000,17.09,0.00095,21.15,17.09,RESIST/SUPPORT
7830.0000,390.6015,418.7235,2475,86,2561,0.932839,0.00327000,12.2700,0.180000,-0.820000,1.000000,90.040000,1.748000,-4.078000,40.27,0.00124,43.26,40.27,RESIST/SUPPORT
7840.0000,246.3315,256.5165,1728,35,1763,0.960295,0.00291000,12.2700,0.150000,-0.850000,1.000000,96.740000,1.553000,-3.515000,31.26,0.00111,41.61,31.26,RESIST/SUPPORT
7850.0000,668.4825,693.2175,5340,97,5437,0.964319,0.00255000,12.3000,0.130000,-0.870000,1.000000,104.090000,1.364000,-2.996000,56.98,0.00146,48.17,56.98,RESIST/SUPPORT
7855.0000,80.8170,81.5280,685,3,688,0.991279,0.00237000,12.3300,0.110000,-0.890000,1.000000,107.990000,1.275000,-2.759000,20.79,0.00096,39.69,20.79,RESIST/SUPPORT
7860.0000,87.4500,89.6500,805,10,815,0.975460,0.00220000,12.3200,0.100000,-0.900000,1.000000,111.890000,1.181000,-2.506000,20.99,0.00095,39.45,20.99,RESIST/SUPPORT
7875.0000,75.8605,76.8985,883,6,889,0.986502,0.00173000,12.3600,0.070000,-0.930000,1.000000,124.380000,0.929000,-1.865000,19.92,0.00093,39.48,19.92,RESIST/SUPPORT
7880.0000,191.6185,192.2465,2445,4,2449,0.996733,0.00157000,12.3200,0.070000,-0.930000,1.000000,128.620000,0.844000,-1.650000,27.56,0.00103,41.62,27.56,RESIST/SUPPORT
7890.0000,39.8240,40.0860,610,2,612,0.993464,0.00131000,12.3600,0.050000,-0.950000,1.000000,137.530000,0.704000,-1.324000,17.28,0.00087,39.03,17.28,RESIST/SUPPORT
7900.0000,495.9985,509.6945,9399,128,9527,0.973129,0.00107000,12.4000,0.040000,-0.960000,1.000000,146.660000,0.580000,-1.046000,51.25,0.00141,47.17,51.25,RESIST/SUPPORT
7910.0000,32.6040,32.7800,743,2,745,0.994631,0.00088000,12.4600,0.030000,-0.970000,1.000000,156.020000,0.476000,-0.825000,16.64,0.00086,39.00,16.64,RESIST/SUPPORT
7920.0000,20.4480,20.7360,572,4,576,0.986111,0.00072000,12.6200,0.030000,-0.970000,1.000000,165.590000,0.398000,-0.671000,15.65,0.00084,38.64,15.65,RESIST/SUPPORT
