Strike,Net GEX,Abs Gamma,Call OI,Put OI,Total OI,OI Imbalance,Gamma,Volatility,Call Delta,Put Delta,Delta Spread,Straddle,Vega,Theta,Level Strength,Gradient Width,Break Score,Resistance Score,Side
NaN,NaN,NaN,NaN,NaN,NaN,NaN,NaN,NaN,NaN,NaN,NaN,NaN,NaN,NaN,NaN,NaN,NaN,NaN,NaN
FP -59.3
7500.0000,-47.7240,51.9470,103,2431,2534,-0.918706,0.00041000,20.2900,0.980000,-0.020000,1.000000,222.820000,0.229000,-0.670000,21.50,0.00096,52.58,7.52,ACCELERATION
7540.0000,-38.2500,38.9250,9,1029,1038,-0.982659,0.00075000,19.1700,0.970000,-0.030000,1.000000,184.210000,0.400000,-1.324000,18.23,0.00089,50.80,6.38,ACCELERATION
7550.0000,-136.5320,137.4120,10,3113,3123,-0.993596,0.00088000,18.9800,0.960000,-0.040000,1.000000,174.810000,0.464000,-1.601000,28.05,0.00106,60.89,9.82,ACCELERATION
7560.0000,-109.5990,111.0270,14,2163,2177,-0.987138,0.00102000,18.7400,0.950000,-0.050000,1.000000,165.500000,0.533000,-1.911000,24.71,0.00100,57.47,8.65,ACCELERATION
7575.0000,-159.8080,161.9840,17,2514,2531,-0.986567,0.00128000,18.4700,0.940000,-0.060000,1.000000,151.900000,0.659000,-2.523000,28.44,0.00106,61.27,9.95,ACCELERATION
7600.0000,-535.6260,558.0120,123,6009,6132,-0.959883,0.00182000,18.0600,0.900000,-0.100000,1.000000,130.360000,0.914000,-3.926000,57.22,0.00151,89.64,20.03,ACCELERATION
7625.0000,-223.7820,236.3790,51,1863,1914,-0.946708,0.00247000,17.6600,0.850000,-0.150000,1.000000,110.710000,1.215000,-5.801000,32.11,0.00113,64.39,11.24,ACCELERATION
7635.0000,-274.0680,280.9680,25,2011,2036,-0.975442,0.00276000,17.5300,0.830000,-0.170000,1.000000,103.620000,1.344000,-6.688000,35.53,0.00118,68.44,12.43,ACCELERATION
7650.0000,-544.5330,588.5550,138,3552,3690,-0.925203,0.00319000,17.3000,0.790000,-0.210000,1.000000,93.850000,1.537000,-8.063000,54.73,0.00146,86.71,19.15,ACCELERATION
7675.0000,-410.2005,492.2795,211,2320,2531,-0.833267,0.00389000,16.8900,0.700000,-0.300000,1.000000,80.380000,1.830000,-10.242000,46.38,0.00136,76.65,16.23,ACCELERATION
7680.0000,-232.7580,255.6720,57,1215,1272,-0.910377,0.00402000,16.7900,0.680000,-0.320000,1.000000,78.100000,1.879000,-10.605000,33.47,0.00119,65.31,11.72,ACCELERATION
7690.0000,-218.6240,330.4980,262,1286,1548,-0.661499,0.00427000,16.5600,0.640000,-0.360000,1.000000,74.040000,1.968000,-11.222000,34.21,0.00121,61.12,11.97,ACCELERATION
7700.0000,-716.0940,904.7280,422,3626,4048,-0.791502,0.00447000,16.3800,0.600000,-0.400000,1.000000,70.970000,2.037000,-11.715000,69.03,0.00168,98.59,24.16,ACCELERATION
7720.0000,-244.4960,341.2560,205,1241,1446,-0.716459,0.00472000,16.0100,0.510000,-0.490000,1.000000,67.410000,2.104000,-12.034000,35.98,0.00125,64.14,12.59,ACCELERATION
7725.0000,-173.7210,268.9950,201,934,1135,-0.645815,0.00474000,15.9400,0.490000,-0.510000,1.000000,67.160000,2.103000,-11.969000,31.08,0.00118,57.86,10.88,ACCELERATION
7730.0000,-104.5330,245.9600,299,741,1040,-0.425000,0.00473000,15.9200,0.460000,-0.540000,1.000000,67.390000,2.095000,-11.882000,26.88,0.00113,49.26,9.41,ACCELERATION
7750.0000,-305.5200,660.2880,778,2118,2896,-0.462707,0.00456000,15.6300,0.370000,-0.630000,1.000000,69.790000,1.987000,-10.730000,46.35,0.00139,69.59,16.22,ACCELERATION
7760.0000,14.8920,230.3880,560,492,1052,0.064639,0.00438000,15.4900,0.320000,-0.680000,1.000000,72.420000,1.889000,-9.831000,20.99,0.00104,20.58,20.99,RESIST/SUPPORT
7775.0000,-125.8845,449.0745,810,1441,2251,-0.280320,0.00399000,15.2800,0.260000,-0.740000,1.000000,78.170000,1.697000,-8.235000,32.55,0.00119,52.27,11.39,ACCELERATION
7780.0000,39.0660,304.8680,898,694,1592,0.128141,0.00383000,15.2500,0.240000,-0.760000,1.000000,80.640000,1.625000,-7.695000,24.03,0.00106,22.71,24.03,RESIST/SUPPORT
7790.0000,-38.4540,359.3100,922,1143,2065,-0.107022,0.00348000,15.1400,0.200000,-0.800000,1.000000,86.030000,1.468000,-6.558000,25.54,0.00108,41.87,8.94,ACCELERATION
7800.0000,190.7985,509.8845,2253,1026,3279,0.374199,0.00311000,15.0700,0.160000,-0.840000,1.000000,92.260000,1.306000,-5.477000,37.08,0.00123,30.99,37.08,RESIST/SUPPORT
7825.0000,86.8730,200.6690,1319,522,1841,0.432917,0.00218000,14.9800,0.100000,-0.900000,1.000000,110.720000,0.909000,-3.211000,22.72,0.00099,28.70,22.72,RESIST/SUPPORT
7830.0000,89.7465,104.2185,965,72,1037,0.861138,0.00201000,14.9700,0.090000,-0.910000,1.000000,114.790000,0.836000,-2.846000,21.28,0.00095,36.93,21.28,RESIST/SUPPORT
7850.0000,79.8000,136.0800,1542,402,1944,0.586420,0.00140000,15.0400,0.050000,-0.950000,1.000000,132.140000,0.584000,-1.728000,20.97,0.00094,31.46,20.97,RESIST/SUPPORT
7860.0000,46.6320,72.8480,1030,226,1256,0.640127,0.00116000,15.1800,0.040000,-0.960000,1.000000,141.330000,0.489000,-1.366000,17.15,0.00087,31.63,17.15,RESIST/SUPPORT
7875.0000,75.8520,83.9360,1858,94,1952,0.903689,0.00086000,15.4100,0.030000,-0.970000,1.000000,155.430000,0.370000,-0.951000,20.87,0.00093,37.91,20.87,RESIST/SUPPORT
7900.0000,61.5860,70.3310,2489,165,2654,0.875659,0.00053000,15.9000,0.020000,-0.980000,1.000000,179.550000,0.233000,-0.532000,21.03,0.00094,37.52,21.03,RESIST/SUPPORT
7925.0000,22.6255,23.6985,1252,29,1281,0.954723,0.00037000,16.9900,0.010000,-0.990000,1.000000,204.250000,0.173000,-0.388000,16.56,0.00085,38.11,16.56,RESIST/SUPPORT
7950.0000,28.0280,29.3020,2205,49,2254,0.956522,0.00026000,18.0900,0.010000,-0.990000,1.000000,229.050000,0.132000,-0.294000,18.85,0.00091,38.84,18.85,RESIST/SUPPORT
