Strike,Net GEX,Abs Gamma,Call OI,Put OI,Total OI,OI Imbalance,Gamma,Volatility,Call Delta,Put Delta,Delta Spread,Straddle,Vega,Theta,Level Strength,Gradient Width,Break Score,Resistance Score,Side
NaN,NaN,NaN,NaN,NaN,NaN,NaN,NaN,NaN,NaN,NaN,NaN,NaN,NaN,NaN,NaN,NaN,NaN,NaN,NaN
FP -53
7680.0000,-25.9555,33.8245,129,980,1109,-0.767358,0.00061000,15.5900,0.970000,-0.030000,1.000000,200.480000,0.437000,-0.917000,16.19,0.00086,44.19,5.66,ACCELERATION
7690.0000,-35.7350,45.1150,134,1155,1289,-0.792087,0.00070000,15.2700,0.970000,-0.030000,1.000000,190.800000,0.488000,-1.028000,17.37,0.00088,45.92,6.08,ACCELERATION
7700.0000,-120.2380,181.7000,778,3822,4600,-0.661739,0.00079000,14.9000,0.960000,-0.040000,1.000000,181.130000,0.540000,-1.135000,30.56,0.00115,56.56,10.70,ACCELERATION
7710.0000,-52.8750,68.5350,174,1349,1523,-0.771504,0.00090000,14.5500,0.960000,-0.040000,1.000000,171.540000,0.602000,-1.266000,18.96,0.00091,47.19,6.64,ACCELERATION
7750.0000,-241.4100,400.0620,1017,4112,5129,-0.603431,0.00156000,13.2300,0.930000,-0.070000,1.000000,134.130000,0.945000,-2.002000,40.97,0.00129,66.03,14.34,ACCELERATION
7760.0000,-3.7590,161.4580,881,923,1804,-0.023282,0.00179000,12.9300,0.910000,-0.090000,1.000000,125.140000,1.061000,-2.256000,16.73,0.00091,30.24,5.86,ACCELERATION
7775.0000,3.0940,168.8440,778,750,1528,0.018325,0.00221000,12.5300,0.890000,-0.110000,1.000000,112.210000,1.267000,-2.726000,16.68,0.00091,17.65,16.68,RESIST/SUPPORT
7780.0000,-60.4160,209.5680,632,1144,1776,-0.288288,0.00236000,12.3500,0.880000,-0.120000,1.000000,107.900000,1.335000,-2.865000,21.77,0.00098,40.67,7.62,ACCELERATION
7800.0000,-36.4140,443.3940,1330,1568,2898,-0.082126,0.00306000,11.8200,0.840000,-0.160000,1.000000,91.940000,1.658000,-3.587000,29.34,0.00113,44.21,10.27,ACCELERATION
7810.0000,111.2625,284.4525,1147,502,1649,0.391146,0.00345000,11.6100,0.810000,-0.190000,1.000000,84.790000,1.839000,-4.010000,26.76,0.00107,27.79,26.76,RESIST/SUPPORT
7825.0000,108.2620,297.9240,998,466,1464,0.363388,0.00407000,11.2800,0.760000,-0.240000,1.000000,75.020000,2.107000,-4.619000,27.19,0.00109,27.41,27.19,RESIST/SUPPORT
7840.0000,231.3690,400.0610,1355,362,1717,0.578334,0.00466000,11.0500,0.700000,-0.300000,1.000000,67.160000,2.362000,-5.213000,35.89,0.00122,33.96,35.89,RESIST/SUPPORT
7850.0000,787.0710,860.2170,3288,146,3434,0.914968,0.00501000,10.9200,0.650000,-0.350000,1.000000,63.100000,2.505000,-5.545000,69.53,0.00167,49.15,69.53,RESIST/SUPPORT
7875.0000,397.0560,412.8480,1436,28,1464,0.961749,0.00564000,10.4200,0.520000,-0.480000,1.000000,56.360000,2.697000,-5.815000,43.77,0.00133,43.76,43.77,RESIST/SUPPORT
7900.0000,586.1115,846.0465,2562,465,3027,0.692765,0.00559000,10.0200,0.380000,-0.620000,1.000000,56.910000,2.569000,-5.249000,61.77,0.00158,43.00,61.77,RESIST/SUPPORT
7910.0000,299.2500,305.1020,1136,11,1147,0.980820,0.00532000,9.9200,0.320000,-0.680000,1.000000,59.550000,2.421000,-4.824000,37.14,0.00123,42.65,37.14,RESIST/SUPPORT
7920.0000,271.1500,284.4610,1127,27,1154,0.953206,0.00493000,9.8600,0.270000,-0.730000,1.000000,63.440000,2.229000,-4.320000,35.12,0.00119,41.64,35.12,RESIST/SUPPORT
7930.0000,262.8360,274.4580,1202,26,1228,0.957655,0.00447000,9.7500,0.220000,-0.780000,1.000000,68.180000,1.996000,-3.723000,34.17,0.00116,41.54,34.17,RESIST/SUPPORT
7950.0000,281.7230,298.6230,1717,50,1767,0.943407,0.00338000,9.7000,0.140000,-0.860000,1.000000,81.020000,1.502000,-2.599000,34.92,0.00115,41.54,34.92,RESIST/SUPPORT
7975.0000,132.8940,148.0050,1357,73,1430,0.897902,0.00207000,9.6300,0.070000,-0.930000,1.000000,100.790000,0.915000,-1.396000,24.19,0.00097,38.06,24.19,RESIST/SUPPORT
7980.0000,90.9275,97.0325,1016,33,1049,0.937083,0.00185000,9.6400,0.060000,-0.940000,1.000000,105.160000,0.819000,-1.220000,20.81,0.00091,38.02,20.81,RESIST/SUPPORT
8000.0000,77.6880,86.6970,1405,77,1482,0.896086,0.00117000,9.8800,0.040000,-0.960000,1.000000,123.600000,0.532000,-0.736000,20.11,0.00090,37.12,20.11,RESIST/SUPPORT
8010.0000,41.0780,46.9660,957,64,1021,0.874633,0.00092000,9.9800,0.030000,-0.970000,1.000000,133.090000,0.420000,-0.557000,16.60,0.00083,35.86,16.60,RESIST/SUPPORT
8025.0000,35.8710,40.6890,1160,73,1233,0.881590,0.00066000,10.3300,0.020000,-0.980000,1.000000,147.670000,0.315000,-0.407000,16.59,0.00083,36.07,16.59,RESIST/SUPPORT
8060.0000,27.1755,27.9345,1670,23,1693,0.972829,0.00033000,11.2300,0.010000,-0.990000,1.000000,182.160000,0.167000,-0.207000,17.49,0.00086,38.29,17.49,RESIST/SUPPORT
8175.0000,5.8520,5.8680,1465,2,1467,0.997273,0.00008000,15.4500,0.000000,-1.000000,1.000000,296.840000,0.057000,-0.080000,16.58,0.00087,39.09,16.58,RESIST/SUPPORT
