Strike,Net GEX,Abs Gamma,Call OI,Put OI,Total OI,OI Imbalance,Gamma,Volatility,Call Delta,Put Delta,Delta Spread,Straddle,Vega,Theta,Level Strength,Gradient Width,Break Score,Resistance Score,Side
NaN,NaN,NaN,NaN,NaN,NaN,NaN,NaN,NaN,NaN,NaN,NaN,NaN,NaN,NaN,NaN,NaN,NaN,NaN,NaN
FP -62.6
7560.0000,-82.8000,83.8400,13,2083,2096,-0.987595,0.00080000,15.2400,0.950000,-0.050000,1.000000,219.640000,0.947000,-1.386000,24.62,0.00102,57.28,8.62,ACCELERATION
7575.0000,-109.9260,111.1350,13,2377,2390,-0.989121,0.00093000,14.9200,0.940000,-0.060000,1.000000,205.770000,1.079000,-1.569000,26.99,0.00106,59.75,9.45,ACCELERATION
7600.0000,-339.6855,353.9655,120,5829,5949,-0.959657,0.00119000,14.4300,0.920000,-0.080000,1.000000,183.310000,1.343000,-1.941000,49.01,0.00142,81.31,17.15,ACCELERATION
7625.0000,-236.8920,243.7320,45,3162,3207,-0.971936,0.00152000,13.9600,0.890000,-0.110000,1.000000,161.840000,1.658000,-2.378000,37.09,0.00122,69.76,12.98,ACCELERATION
7635.0000,-165.9145,168.0855,13,2000,2013,-0.987084,0.00167000,13.7700,0.880000,-0.120000,1.000000,153.570000,1.796000,-2.565000,30.36,0.00111,63.39,10.63,ACCELERATION
7650.0000,-358.5600,381.6000,120,3855,3975,-0.939623,0.00192000,13.5000,0.850000,-0.150000,1.000000,141.670000,2.017000,-2.866000,46.88,0.00137,79.03,16.41,ACCELERATION
7675.0000,-193.8660,237.9480,186,1822,2008,-0.814741,0.00237000,13.0700,0.810000,-0.190000,1.000000,123.360000,2.411000,-3.387000,33.03,0.00117,62.81,11.56,ACCELERATION
7690.0000,-170.3730,251.2370,304,1585,1889,-0.678137,0.00266000,12.8000,0.770000,-0.230000,1.000000,113.400000,2.650000,-3.689000,31.87,0.00116,58.99,11.15,ACCELERATION
7700.0000,-391.5340,514.8000,431,3169,3600,-0.760556,0.00286000,12.6300,0.750000,-0.250000,1.000000,107.310000,2.807000,-3.881000,50.86,0.00144,79.68,17.80,ACCELERATION
7720.0000,-195.5765,256.6235,189,1400,1589,-0.762115,0.00323000,12.3200,0.690000,-0.310000,1.000000,96.840000,3.101000,-4.234000,33.70,0.00120,62.65,11.79,ACCELERATION
7725.0000,-113.2120,193.2240,241,923,1164,-0.585911,0.00332000,12.2200,0.680000,-0.320000,1.000000,94.420000,3.165000,-4.298000,27.32,0.00112,52.78,9.56,ACCELERATION
7750.0000,-604.4220,853.1280,674,3950,4624,-0.708478,0.00369000,11.9200,0.590000,-0.410000,1.000000,85.840000,3.425000,-4.578000,69.99,0.00172,98.02,24.50,ACCELERATION
7775.0000,-141.1800,413.4000,698,1422,2120,-0.341509,0.00390000,11.5800,0.500000,-0.500000,1.000000,81.540000,3.519000,-4.589000,35.25,0.00126,56.07,12.34,ACCELERATION
7780.0000,-41.1600,201.0960,408,618,1026,-0.204678,0.00392000,11.5000,0.480000,-0.520000,1.000000,81.110000,3.513000,-4.548000,23.28,0.00109,41.39,8.15,ACCELERATION
7790.0000,-152.6840,423.5560,691,1470,2161,-0.360481,0.00392000,11.4000,0.440000,-0.560000,1.000000,81.320000,3.477000,-4.452000,36.10,0.00127,57.37,12.63,ACCELERATION
7800.0000,43.6500,505.3700,1415,1190,2605,0.086372,0.00388000,11.2800,0.400000,-0.600000,1.000000,82.220000,3.405000,-4.299000,33.41,0.00124,24.20,33.41,RESIST/SUPPORT
7825.0000,67.8300,253.1130,899,519,1418,0.267983,0.00357000,11.0900,0.300000,-0.700000,1.000000,88.740000,3.081000,-3.780000,25.96,0.00111,26.09,25.96,RESIST/SUPPORT
7840.0000,227.1400,261.2520,1489,104,1593,0.869429,0.00328000,10.9700,0.250000,-0.750000,1.000000,94.890000,2.802000,-3.362000,35.23,0.00121,40.51,35.23,RESIST/SUPPORT
7850.0000,200.2325,316.1325,1693,380,2073,0.633382,0.00305000,10.9400,0.220000,-0.780000,1.000000,100.090000,2.596000,-3.075000,34.74,0.00120,35.72,34.74,RESIST/SUPPORT
7860.0000,118.1600,181.1600,1069,225,1294,0.652241,0.00280000,10.9400,0.190000,-0.810000,1.000000,106.130000,2.385000,-2.798000,26.52,0.00107,34.09,26.52,RESIST/SUPPORT
7870.0000,146.9390,153.2890,1182,25,1207,0.958575,0.00254000,10.8700,0.160000,-0.840000,1.000000,112.370000,2.153000,-2.478000,28.02,0.00108,40.65,28.02,RESIST/SUPPORT
7875.0000,134.5985,156.0475,1206,89,1295,0.862548,0.00241000,10.8800,0.150000,-0.850000,1.000000,115.870000,2.045000,-2.340000,27.01,0.00106,38.50,27.01,RESIST/SUPPORT
7900.0000,139.0830,166.4700,1707,153,1860,0.835484,0.00179000,10.8700,0.100000,-0.900000,1.000000,134.880000,1.512000,-1.666000,27.28,0.00105,38.15,27.28,RESIST/SUPPORT
7925.0000,72.9740,76.0740,1202,25,1227,0.959250,0.00124000,10.9000,0.060000,-0.940000,1.000000,156.150000,1.056000,-1.116000,21.25,0.00094,39.25,21.25,RESIST/SUPPORT
7950.0000,88.2290,91.7980,2169,43,2212,0.961121,0.00083000,10.9800,0.040000,-0.960000,1.000000,178.960000,0.705000,-0.715000,23.56,0.00098,39.99,23.56,RESIST/SUPPORT
7975.0000,28.9640,30.3160,1140,26,1166,0.955403,0.00052000,11.0700,0.020000,-0.980000,1.000000,202.680000,0.450000,-0.436000,17.45,0.00087,38.47,17.45,RESIST/SUPPORT
