Strike,Net GEX,Abs Gamma,Call OI,Put OI,Total OI,OI Imbalance,Gamma,Volatility,Call Delta,Put Delta,Delta Spread,Straddle,Vega,Theta,Level Strength,Gradient Width,Break Score,Resistance Score,Side
NaN,NaN,NaN,NaN,NaN,NaN,NaN,NaN,NaN,NaN,NaN,NaN,NaN,NaN,NaN,NaN,NaN,NaN,NaN,NaN
FP -53.2
7550.0000,-38.1850,39.0950,26,2208,2234,-0.976723,0.00035000,17.8800,0.980000,-0.020000,1.000000,284.490000,0.385000,-0.719000,22.03,0.00097,54.32,7.71,ACCELERATION
7575.0000,-41.9760,43.3840,32,1940,1972,-0.967546,0.00044000,17.0600,0.970000,-0.030000,1.000000,259.990000,0.466000,-0.853000,21.56,0.00095,53.78,7.55,ACCELERATION
7600.0000,-158.3175,160.7685,43,5598,5641,-0.984754,0.00057000,16.3200,0.970000,-0.030000,1.000000,235.730000,0.577000,-1.045000,39.22,0.00127,71.92,13.73,ACCELERATION
7620.0000,-33.9025,36.9555,43,998,1041,-0.917387,0.00071000,15.7700,0.960000,-0.040000,1.000000,216.560000,0.692000,-1.246000,18.50,0.00089,49.95,6.48,ACCELERATION
7625.0000,-54.0200,56.0920,28,1488,1516,-0.963061,0.00074000,15.5800,0.960000,-0.040000,1.000000,211.720000,0.718000,-1.283000,21.43,0.00094,53.81,7.50,ACCELERATION
7630.0000,-44.4990,47.3850,37,1178,1215,-0.939095,0.00078000,15.4400,0.950000,-0.050000,1.000000,206.970000,0.751000,-1.340000,19.88,0.00091,51.81,6.96,ACCELERATION
7650.0000,-208.2990,235.7390,280,4531,4811,-0.883600,0.00098000,14.9200,0.940000,-0.060000,1.000000,188.230000,0.908000,-1.613000,41.77,0.00127,72.69,14.62,ACCELERATION
7675.0000,-137.7075,158.8635,164,2299,2463,-0.866829,0.00129000,14.2600,0.920000,-0.080000,1.000000,165.350000,1.146000,-2.020000,30.77,0.00108,61.48,10.77,ACCELERATION
7680.0000,-55.9645,73.5005,128,945,1073,-0.761417,0.00137000,14.1700,0.920000,-0.080000,1.000000,160.950000,1.205000,-2.128000,20.41,0.00093,49.04,7.14,ACCELERATION
7700.0000,-182.4950,316.1150,786,2933,3719,-0.577306,0.00170000,13.6200,0.890000,-0.110000,1.000000,143.360000,1.438000,-2.511000,40.01,0.00124,65.05,14.00,ACCELERATION
7710.0000,-110.6595,143.1675,172,1343,1515,-0.772937,0.00189000,13.3700,0.880000,-0.120000,1.000000,134.910000,1.573000,-2.735000,27.01,0.00103,56.02,9.45,ACCELERATION
7725.0000,-114.6990,144.5340,135,1173,1308,-0.793578,0.00221000,13.0000,0.860000,-0.140000,1.000000,122.710000,1.789000,-3.089000,27.31,0.00104,56.81,9.56,ACCELERATION
7750.0000,-84.9000,383.1820,1054,1654,2708,-0.221566,0.00283000,12.4300,0.800000,-0.200000,1.000000,104.070000,2.188000,-3.729000,35.40,0.00119,53.58,12.39,ACCELERATION
7760.0000,-2.4800,276.8300,885,901,1786,-0.008959,0.00310000,12.2000,0.780000,-0.220000,1.000000,97.290000,2.351000,-3.979000,24.97,0.00106,38.95,8.74,ACCELERATION
7775.0000,73.5000,192.8500,761,341,1102,0.381125,0.00350000,11.8900,0.730000,-0.270000,1.000000,88.240000,2.594000,-4.350000,26.21,0.00107,28.05,26.21,RESIST/SUPPORT
7800.0000,156.9400,401.8490,1353,593,1946,0.390545,0.00413000,11.4300,0.640000,-0.360000,1.000000,76.410000,2.941000,-4.841000,40.37,0.00128,31.90,40.37,RESIST/SUPPORT
7810.0000,154.2240,318.3840,1094,380,1474,0.484396,0.00432000,11.3200,0.600000,-0.400000,1.000000,73.360000,3.043000,-4.987000,36.96,0.00123,32.98,36.96,RESIST/SUPPORT
7825.0000,189.6550,300.7060,1073,243,1316,0.630699,0.00457000,11.0200,0.540000,-0.460000,1.000000,69.530000,3.132000,-5.023000,38.69,0.00126,36.41,38.69,RESIST/SUPPORT
7840.0000,278.5655,332.2705,1308,115,1423,0.838370,0.00467000,10.8000,0.470000,-0.530000,1.000000,68.240000,3.135000,-4.928000,45.20,0.00134,42.27,45.20,RESIST/SUPPORT
7850.0000,509.2400,574.6640,2336,141,2477,0.886153,0.00464000,10.6800,0.420000,-0.580000,1.000000,68.690000,3.082000,-4.774000,66.35,0.00160,48.56,66.35,RESIST/SUPPORT
7875.0000,308.2110,315.4530,1464,17,1481,0.977043,0.00426000,10.4300,0.300000,-0.690000,0.990000,74.350000,2.762000,-4.101000,45.90,0.00132,45.39,45.90,RESIST/SUPPORT
7900.0000,416.2860,563.7060,2792,420,3212,0.738481,0.00351000,10.2600,0.200000,-0.800000,1.000000,85.980000,2.237000,-3.155000,60.55,0.00151,44.41,60.55,RESIST/SUPPORT
7910.0000,177.5025,181.9125,1141,14,1155,0.975758,0.00315000,10.2100,0.170000,-0.830000,1.000000,92.070000,1.998000,-2.752000,32.89,0.00112,42.29,32.89,RESIST/SUPPORT
7930.0000,147.7330,153.2760,1249,23,1272,0.963836,0.00241000,10.1400,0.110000,-0.890000,1.000000,106.290000,1.520000,-1.990000,29.54,0.00105,41.31,29.54,RESIST/SUPPORT
7950.0000,77.7440,88.2360,965,61,1026,0.881092,0.00172000,10.0600,0.070000,-0.930000,1.000000,122.470000,1.076000,-1.321000,22.10,0.00093,37.90,22.10,RESIST/SUPPORT
7975.0000,55.4320,62.8160,1137,71,1208,0.882450,0.00104000,10.0500,0.040000,-0.960000,1.000000,144.830000,0.649000,-0.735000,19.61,0.00088,37.43,19.61,RESIST/SUPPORT
7980.0000,45.0300,48.1650,981,33,1014,0.934911,0.00095000,10.1500,0.030000,-0.970000,1.000000,149.610000,0.601000,-0.679000,18.43,0.00086,38.21,18.43,RESIST/SUPPORT
8000.0000,34.5240,39.5010,1175,79,1254,0.874003,0.00063000,10.3500,0.020000,-0.980000,1.000000,168.720000,0.405000,-0.438000,17.42,0.00084,36.84,17.42,RESIST/SUPPORT
