Strike,Net GEX,Abs Gamma,Call OI,Put OI,Total OI,OI Imbalance,Gamma,Volatility,Call Delta,Put Delta,Delta Spread,Straddle,Vega,Theta,Level Strength,Gradient Width,Break Score,Resistance Score,Side
NaN,NaN,NaN,NaN,NaN,NaN,NaN,NaN,NaN,NaN,NaN,NaN,NaN,NaN,NaN,NaN,NaN,NaN,NaN,NaN
FP -58.4
7575.0000,-49.7740,50.6350,21,2449,2470,-0.982996,0.00041000,19.0500,0.990000,-0.010000,1.000000,150.440000,0.092000,-0.224000,16.97,0.00086,49.94,5.94,ACCELERATION
7600.0000,-255.0680,266.5080,130,5927,6057,-0.957074,0.00088000,18.5700,0.980000,-0.020000,1.000000,126.120000,0.192000,-0.567000,26.98,0.00102,59.57,9.44,ACCELERATION
7610.0000,-67.8020,69.3100,13,1182,1195,-0.978243,0.00116000,18.3600,0.970000,-0.030000,1.000000,116.600000,0.250000,-0.804000,16.75,0.00085,49.82,5.86,ACCELERATION
7625.0000,-150.5875,159.6875,52,1773,1825,-0.943014,0.00175000,18.3400,0.950000,-0.050000,1.000000,102.890000,0.378000,-1.450000,20.40,0.00091,52.84,7.14,ACCELERATION
7635.0000,-291.2000,296.1280,22,2622,2644,-0.983359,0.00224000,18.3300,0.930000,-0.070000,1.000000,94.190000,0.482000,-2.096000,26.44,0.00101,59.74,9.26,ACCELERATION
7650.0000,-559.7900,602.6020,139,3774,3913,-0.928955,0.00308000,18.3000,0.890000,-0.110000,1.000000,82.000000,0.662000,-3.500000,37.42,0.00117,69.71,13.10,ACCELERATION
7675.0000,-433.5870,531.5310,212,2089,2301,-0.815732,0.00462000,18.1100,0.790000,-0.210000,1.000000,64.690000,0.985000,-7.347000,33.33,0.00114,63.48,11.66,ACCELERATION
7680.0000,-299.1360,334.0680,71,1287,1358,-0.895434,0.00492000,18.0800,0.770000,-0.230000,1.000000,61.850000,1.047000,-8.429000,28.08,0.00108,59.85,9.83,ACCELERATION
7690.0000,-277.4285,419.0355,257,1264,1521,-0.662064,0.00551000,17.9000,0.720000,-0.280000,1.000000,56.640000,1.160000,-10.823000,27.95,0.00110,55.11,9.78,ACCELERATION
7700.0000,-1012.0020,1278.9700,442,3793,4235,-0.791263,0.00604000,17.6600,0.660000,-0.340000,1.000000,52.300000,1.254000,-13.653000,57.57,0.00148,87.36,20.15,ACCELERATION
7710.0000,-192.8550,325.0800,205,803,1008,-0.593254,0.00645000,17.4600,0.600000,-0.400000,1.000000,49.220000,1.325000,-17.112000,25.14,0.00109,51.02,8.80,ACCELERATION
7720.0000,-249.7500,404.3250,229,969,1198,-0.617696,0.00675000,17.1700,0.540000,-0.460000,1.000000,47.160000,1.363000,-21.078000,27.92,0.00113,54.34,9.77,ACCELERATION
7725.0000,-279.6885,439.5105,234,1053,1287,-0.636364,0.00683000,17.0300,0.500000,-0.500000,1.000000,46.630000,1.368000,-23.313000,29.24,0.00115,56.06,10.23,ACCELERATION
7730.0000,-160.3980,398.4300,348,817,1165,-0.402575,0.00684000,16.9500,0.470000,-0.530000,1.000000,46.590000,1.364000,-20.796000,24.68,0.00109,46.85,8.64,ACCELERATION
7750.0000,-91.4850,1771.5990,2617,2902,5519,-0.051640,0.00642000,16.4400,0.330000,-0.670000,1.000000,49.410000,1.243000,-12.207000,40.71,0.00130,55.97,14.25,ACCELERATION
7760.0000,-35.0455,314.8205,475,594,1069,-0.111319,0.00589000,16.2600,0.270000,-0.730000,1.000000,53.060000,1.127000,-9.032000,18.04,0.00098,34.54,6.31,ACCELERATION
7765.0000,94.2420,326.6500,757,418,1175,0.288511,0.00556000,16.1800,0.240000,-0.760000,1.000000,55.410000,1.060000,-7.707000,20.23,0.00099,25.13,20.23,RESIST/SUPPORT
7770.0000,-28.8600,274.8200,473,584,1057,-0.105014,0.00520000,16.1700,0.210000,-0.790000,1.000000,58.160000,0.989000,-6.583000,16.61,0.00094,33.03,5.81,ACCELERATION
7775.0000,-113.0290,586.8350,983,1452,2435,-0.192608,0.00482000,16.1300,0.180000,-0.820000,1.000000,61.130000,0.915000,-5.568000,23.37,0.00102,41.58,8.18,ACCELERATION
7780.0000,54.2675,422.4005,1076,831,1907,0.128474,0.00443000,16.0700,0.160000,-0.840000,1.000000,64.320000,0.838000,-4.661000,18.90,0.00095,21.67,18.90,RESIST/SUPPORT
7790.0000,-11.6480,409.8640,1094,1158,2252,-0.028419,0.00364000,15.9600,0.120000,-0.880000,1.000000,71.390000,0.683000,-3.200000,16.67,0.00091,31.67,5.83,ACCELERATION
7800.0000,374.4000,686.5920,3684,1084,4768,0.545302,0.00288000,15.8700,0.090000,-0.910000,1.000000,79.270000,0.537000,-2.135000,31.99,0.00109,33.39,31.99,RESIST/SUPPORT
7825.0000,75.2500,148.1900,1596,521,2117,0.507794,0.00140000,15.9100,0.030000,-0.970000,1.000000,101.480000,0.263000,-0.744000,15.39,0.00083,28.62,15.39,RESIST/SUPPORT
7830.0000,68.1275,78.2425,1230,85,1315,0.870722,0.00119000,15.9500,0.030000,-0.970000,1.000000,106.190000,0.224000,-0.597000,15.76,0.00083,35.99,15.76,RESIST/SUPPORT
7850.0000,36.7500,60.9300,1628,403,2031,0.603151,0.00060000,16.2300,0.010000,-0.990000,1.000000,125.490000,0.115000,-0.252000,13.45,0.00080,30.17,13.45,RESIST/SUPPORT
7860.0000,22.9310,33.2810,1222,225,1447,0.689012,0.00046000,16.6800,0.010000,-0.990000,1.000000,135.360000,0.090000,-0.187000,12.86,0.00078,31.79,12.86,RESIST/SUPPORT
7870.0000,239.5305,240.5535,14548,31,14579,0.995747,0.00033000,16.9300,0.010000,-0.990000,1.000000,145.240000,0.065000,-0.127000,32.36,0.00116,42.85,32.36,RESIST/SUPPORT
7875.0000,23.4000,25.8700,1895,95,1990,0.904523,0.00026000,16.9400,0.010000,-0.990000,1.000000,150.180000,0.053000,-0.098000,14.51,0.00081,36.59,14.51,RESIST/SUPPORT
7880.0000,184.6625,185.0375,14788,15,14803,0.997973,0.00025000,17.4300,0.010000,-0.990000,1.000000,155.180000,0.051000,-0.097000,30.79,0.00115,42.55,30.79,RESIST/SUPPORT
7900.0000,23.1285,25.9165,2885,164,3049,0.892424,0.00017000,18.7000,0.000000,-1.000000,1.000000,175.120000,0.036000,-0.069000,15.57,0.00085,36.74,15.57,RESIST/SUPPORT
