Strike,Net GEX,Abs Gamma,Call OI,Put OI,Total OI,OI Imbalance,Gamma,Volatility,Call Delta,Put Delta,Delta Spread,Straddle,Vega,Theta,Level Strength,Gradient Width,Break Score,Resistance Score,Side
NaN,NaN,NaN,NaN,NaN,NaN,NaN,NaN,NaN,NaN,NaN,NaN,NaN,NaN,NaN,NaN,NaN,NaN,NaN,NaN
FP -39.1
7390.0000,-11.3980,21.8230,75,239,314,-0.522293,0.00139000,19.3800,0.930000,-0.070000,1.000000,147.370000,0.681000,-2.887000,13.17,0.00085,38.61,4.61,ACCELERATION
7395.0000,-68.9125,72.4885,24,949,973,-0.950668,0.00149000,19.2100,0.920000,-0.080000,1.000000,142.880000,0.721000,-3.106000,19.54,0.00094,53.00,6.84,ACCELERATION
7400.0000,-217.6450,263.3070,289,3044,3333,-0.826583,0.00158000,19.0100,0.920000,-0.080000,1.000000,138.400000,0.761000,-3.324000,30.82,0.00115,61.25,10.79,ACCELERATION
7410.0000,-129.4200,132.3000,16,1454,1470,-0.978231,0.00180000,18.6600,0.900000,-0.100000,1.000000,129.640000,0.851000,-3.833000,24.14,0.00102,56.50,8.45,ACCELERATION
7420.0000,-147.2925,162.6675,75,1512,1587,-0.905482,0.00205000,18.3600,0.890000,-0.110000,1.000000,121.200000,0.952000,-4.447000,25.64,0.00104,55.45,8.97,ACCELERATION
7425.0000,-77.6080,95.4840,82,794,876,-0.812785,0.00218000,18.1900,0.880000,-0.120000,1.000000,117.050000,1.003000,-4.765000,20.93,0.00097,48.33,7.32,ACCELERATION
7430.0000,-52.5480,57.4200,21,474,495,-0.915152,0.00232000,17.9900,0.870000,-0.130000,1.000000,112.900000,1.055000,-5.076000,19.78,0.00095,48.68,6.92,ACCELERATION
7440.0000,-39.6930,50.9590,43,346,389,-0.778920,0.00262000,17.6700,0.850000,-0.150000,1.000000,105.040000,1.168000,-5.815000,18.91,0.00094,43.99,6.62,ACCELERATION
7445.0000,-39.1955,48.0595,32,315,347,-0.815562,0.00277000,17.5500,0.840000,-0.160000,1.000000,101.320000,1.229000,-6.234000,19.36,0.00095,44.61,6.77,ACCELERATION
7450.0000,-689.7220,728.1050,131,4839,4970,-0.947284,0.00293000,17.3900,0.830000,-0.170000,1.000000,97.620000,1.288000,-6.635000,60.96,0.00158,88.30,21.34,ACCELERATION
7460.0000,-98.9175,132.5985,103,708,811,-0.745993,0.00327000,17.0300,0.800000,-0.200000,1.000000,90.460000,1.407000,-7.437000,24.36,0.00104,46.58,8.53,ACCELERATION
7465.0000,-60.2000,78.0880,52,402,454,-0.770925,0.00344000,16.9100,0.780000,-0.220000,1.000000,87.200000,1.469000,-7.891000,22.05,0.00100,44.22,7.72,ACCELERATION
7470.0000,-53.9695,83.9325,83,382,465,-0.643011,0.00361000,16.7400,0.770000,-0.230000,1.000000,83.960000,1.529000,-8.310000,21.55,0.00100,40.61,7.54,ACCELERATION
7475.0000,-322.6200,478.8000,411,2109,2520,-0.673810,0.00380000,16.5400,0.750000,-0.250000,1.000000,80.750000,1.586000,-8.690000,42.33,0.00131,61.45,14.82,ACCELERATION
7480.0000,-48.2355,144.3095,242,485,727,-0.334250,0.00397000,16.4200,0.740000,-0.260000,1.000000,77.950000,1.645000,-9.136000,21.93,0.00102,33.70,7.67,ACCELERATION
7485.0000,27.3900,115.3700,344,212,556,0.237410,0.00415000,16.1900,0.720000,-0.280000,1.000000,74.980000,1.699000,-9.478000,20.09,0.00100,14.31,20.09,RESIST/SUPPORT
7490.0000,-11.2320,157.2480,338,390,728,-0.071429,0.00432000,16.0500,0.700000,-0.300000,1.000000,72.420000,1.753000,-9.864000,20.14,0.00101,25.56,7.05,ACCELERATION
7495.0000,3.8250,95.6250,221,204,425,0.040000,0.00450000,15.8500,0.680000,-0.320000,1.000000,69.900000,1.803000,-10.185000,18.10,0.00098,8.76,18.10,RESIST/SUPPORT
7500.0000,-961.7865,1259.7325,638,4757,5395,-0.763485,0.00467000,15.6700,0.660000,-0.340000,1.000000,67.600000,1.849000,-10.480000,87.77,0.00194,100.00,30.72,ACCELERATION
7505.0000,-19.3200,112.5390,193,273,466,-0.171674,0.00483000,15.5000,0.630000,-0.370000,1.000000,65.530000,1.891000,-10.737000,20.84,0.00102,26.62,7.30,ACCELERATION
7510.0000,-47.8080,231.0720,368,560,928,-0.206897,0.00498000,15.3300,0.610000,-0.390000,1.000000,63.690000,1.927000,-10.948000,26.08,0.00110,32.01,9.13,ACCELERATION
7515.0000,-59.6700,163.7100,204,438,642,-0.364486,0.00510000,15.2100,0.590000,-0.410000,1.000000,62.270000,1.958000,-11.141000,25.88,0.00110,34.41,9.06,ACCELERATION
7520.0000,-230.6955,482.9295,486,1375,1861,-0.477700,0.00519000,15.1000,0.560000,-0.440000,1.000000,61.180000,1.982000,-11.282000,42.25,0.00132,52.49,14.79,ACCELERATION
7525.0000,-649.9935,1046.5455,744,3183,3927,-0.621085,0.00533000,14.8300,0.540000,-0.460000,1.000000,59.650000,1.997000,-11.218000,74.06,0.00175,86.62,25.92,ACCELERATION
7530.0000,-49.6845,342.9045,540,723,1263,-0.144893,0.00543000,14.6200,0.510000,-0.490000,1.000000,58.650000,2.005000,-11.126000,30.29,0.00117,33.60,10.60,ACCELERATION
7535.0000,23.6725,121.7045,261,176,437,0.194508,0.00557000,14.2400,0.480000,-0.520000,1.000000,57.190000,2.003000,-10.815000,22.92,0.00106,10.58,22.92,RESIST/SUPPORT
7540.0000,-23.1255,382.2845,629,710,1339,-0.060493,0.00571000,13.7900,0.450000,-0.550000,1.000000,55.780000,1.990000,-10.369000,29.79,0.00117,32.51,10.43,ACCELERATION
7545.0000,46.0000,133.9750,313,153,466,0.343348,0.00575000,13.5300,0.420000,-0.580000,1.000000,55.410000,1.966000,-9.971000,24.89,0.00109,15.15,24.89,RESIST/SUPPORT
7550.0000,394.6250,1339.4290,3021,1646,4667,0.294622,0.00574000,13.3200,0.390000,-0.610000,1.000000,55.550000,1.930000,-9.526000,69.99,0.00173,26.00,69.99,RESIST/SUPPORT
7555.0000,22.6400,97.3520,212,132,344,0.232558,0.00566000,13.1600,0.360000,-0.640000,1.000000,56.190000,1.883000,-9.039000,21.72,0.00104,13.25,21.72,RESIST/SUPPORT
7560.0000,118.7060,419.5020,968,541,1509,0.282969,0.00556000,12.9700,0.330000,-0.670000,1.000000,57.060000,1.823000,-8.461000,33.91,0.00121,17.85,33.91,RESIST/SUPPORT
7565.0000,127.0990,149.3210,510,41,551,0.851180,0.00542000,12.8000,0.300000,-0.700000,1.000000,58.340000,1.752000,-7.842000,29.93,0.00113,28.77,29.93,RESIST/SUPPORT
7570.0000,331.5820,525.0920,1638,370,2008,0.631474,0.00523000,12.6600,0.270000,-0.730000,1.000000,60.010000,1.672000,-7.198000,44.40,0.00133,28.54,44.40,RESIST/SUPPORT
7575.0000,83.7500,400.2500,968,633,1601,0.209244,0.00500000,12.4900,0.240000,-0.750000,0.990000,61.900000,1.580000,-6.499000,30.43,0.00115,17.16,30.43,RESIST/SUPPORT
7580.0000,13.0900,259.1820,572,517,1089,0.050505,0.00476000,12.2400,0.220000,-0.780000,1.000000,63.840000,1.472000,-5.706000,22.78,0.00103,12.62,22.78,RESIST/SUPPORT
7585.0000,121.3605,156.2265,621,78,699,0.776824,0.00447000,12.0600,0.190000,-0.810000,1.000000,66.340000,1.362000,-4.986000,27.16,0.00107,28.79,27.16,RESIST/SUPPORT
7590.0000,1.4525,169.1125,411,404,815,0.008589,0.00415000,11.7900,0.160000,-0.840000,1.000000,68.890000,1.236000,-4.200000,18.43,0.00095,11.80,18.43,RESIST/SUPPORT
7595.0000,66.8800,102.2200,445,93,538,0.654275,0.00380000,11.6000,0.140000,-0.860000,1.000000,71.960000,1.113000,-3.529000,21.97,0.00097,26.15,21.97,RESIST/SUPPORT
7600.0000,286.6105,676.3735,2824,1143,3967,0.423746,0.00341000,11.3000,0.110000,-0.890000,1.000000,75.080000,0.975000,-2.820000,44.27,0.00132,27.66,44.27,RESIST/SUPPORT
7605.0000,43.3290,57.5700,333,47,380,0.752632,0.00303000,11.1100,0.090000,-0.900000,0.990000,78.690000,0.849000,-2.264000,19.24,0.00091,28.53,19.24,RESIST/SUPPORT
7610.0000,112.6955,178.7085,1108,251,1359,0.630611,0.00263000,10.8800,0.080000,-0.920000,1.000000,82.490000,0.723000,-1.755000,24.00,0.00098,27.83,24.00,RESIST/SUPPORT
7620.0000,105.9125,128.6675,1268,123,1391,0.823149,0.00185000,10.4200,0.050000,-0.950000,1.000000,90.730000,0.488000,-0.966000,22.76,0.00094,32.47,22.76,RESIST/SUPPORT
7625.0000,131.4455,199.9995,2195,454,2649,0.657229,0.00151000,10.2100,0.040000,-0.960000,1.000000,95.150000,0.389000,-0.693000,25.87,0.00100,30.48,25.87,RESIST/SUPPORT
7630.0000,69.6620,75.8840,1193,51,1244,0.918006,0.00122000,10.1000,0.030000,-0.970000,1.000000,99.770000,0.312000,-0.509000,19.99,0.00089,34.78,19.99,RESIST/SUPPORT
7635.0000,54.2880,55.5360,1144,13,1157,0.977528,0.00096000,9.9500,0.020000,-0.980000,1.000000,104.450000,0.241000,-0.357000,18.94,0.00086,36.26,18.94,RESIST/SUPPORT
7640.0000,20.4060,25.1940,600,63,663,0.809955,0.00076000,9.8900,0.020000,-0.980000,1.000000,109.260000,0.191000,-0.261000,15.02,0.00080,32.48,15.02,RESIST/SUPPORT
7650.0000,65.0540,73.1060,3140,183,3323,0.889859,0.00044000,9.7000,0.010000,-0.990000,1.000000,118.980000,0.109000,-0.126000,22.78,0.00096,37.12,22.78,RESIST/SUPPORT
7655.0000,8.1890,8.4170,437,6,443,0.972912,0.00038000,9.8500,0.010000,-0.990000,1.000000,123.940000,0.093000,-0.105000,14.21,0.00077,37.18,14.21,RESIST/SUPPORT
