Strike,Net GEX,Abs Gamma,Call OI,Put OI,Total OI,OI Imbalance,Gamma,Volatility,Call Delta,Put Delta,Delta Spread,Straddle,Vega,Theta,Level Strength,Gradient Width,Break Score,Resistance Score,Side
NaN,NaN,NaN,NaN,NaN,NaN,NaN,NaN,NaN,NaN,NaN,NaN,NaN,NaN,NaN,NaN,NaN,NaN,NaN,NaN
FP -6.2
7375.0000,-16.3000,16.6400,17,1647,1664,-0.979567,0.00020000,24.1900,0.990000,-0.010000,1.000000,284.460000,0.125000,-0.376000,17.16,0.00087,49.36,6.01,ACCELERATION
7400.0000,-105.7840,107.5200,62,7618,7680,-0.983854,0.00028000,23.2600,0.990000,-0.010000,1.000000,259.750000,0.167000,-0.520000,31.21,0.00117,63.63,10.92,ACCELERATION
7450.0000,-54.0865,58.9625,92,2133,2225,-0.917303,0.00053000,21.1900,0.980000,-0.020000,1.000000,210.690000,0.290000,-0.976000,19.15,0.00090,50.50,6.70,ACCELERATION
7500.0000,-239.9090,247.8660,73,4475,4548,-0.967898,0.00109000,19.6900,0.950000,-0.050000,1.000000,163.300000,0.556000,-2.199000,32.43,0.00111,65.06,11.35,ACCELERATION
7525.0000,-159.4950,163.5250,26,2084,2110,-0.975355,0.00155000,19.0600,0.920000,-0.080000,1.000000,140.880000,0.762000,-3.338000,25.07,0.00099,57.98,8.77,ACCELERATION
7550.0000,-234.6195,252.2985,83,2286,2369,-0.929928,0.00213000,18.3100,0.880000,-0.120000,1.000000,119.610000,1.008000,-4.835000,29.59,0.00107,61.72,10.36,ACCELERATION
7560.0000,-160.2000,161.8800,7,1342,1349,-0.989622,0.00240000,18.0000,0.860000,-0.140000,1.000000,111.550000,1.116000,-5.543000,24.90,0.00100,58.29,8.72,ACCELERATION
7575.0000,-297.3975,306.5175,32,2119,2151,-0.970246,0.00285000,17.5200,0.830000,-0.170000,1.000000,100.110000,1.290000,-6.721000,33.22,0.00113,66.30,11.63,ACCELERATION
7590.0000,-201.1320,217.4490,49,1257,1306,-0.924962,0.00333000,17.0700,0.790000,-0.210000,1.000000,89.670000,1.471000,-8.017000,27.74,0.00106,59.99,9.71,ACCELERATION
7600.0000,-416.5080,571.6920,424,2700,3124,-0.728553,0.00366000,16.8100,0.760000,-0.240000,1.000000,83.460000,1.592000,-8.927000,41.79,0.00127,70.16,14.63,ACCELERATION
7620.0000,-254.4460,289.1140,81,1270,1351,-0.880089,0.00428000,16.3900,0.680000,-0.320000,1.000000,73.390000,1.814000,-10.709000,31.54,0.00114,63.05,11.04,ACCELERATION
7625.0000,-378.3220,426.1660,108,1816,1924,-0.887734,0.00443000,16.2600,0.660000,-0.340000,1.000000,71.210000,1.861000,-11.055000,38.70,0.00124,70.39,13.54,ACCELERATION
7640.0000,-243.7435,292.9305,101,1102,1203,-0.832086,0.00487000,15.6600,0.600000,-0.400000,1.000000,65.180000,1.970000,-11.671000,31.48,0.00116,62.14,11.02,ACCELERATION
7650.0000,-622.9650,1715.3850,2142,4585,6727,-0.363163,0.00510000,15.2800,0.550000,-0.450000,1.000000,62.330000,2.014000,-11.804000,68.54,0.00170,89.88,23.99,ACCELERATION
7660.0000,-55.8540,639.4500,1118,1332,2450,-0.087347,0.00522000,15.0300,0.500000,-0.500000,1.000000,60.970000,2.027000,-11.736000,27.23,0.00114,43.10,9.53,ACCELERATION
7670.0000,-134.1540,477.1080,657,1171,1828,-0.281182,0.00522000,14.8800,0.440000,-0.560000,1.000000,61.060000,2.007000,-11.423000,28.05,0.00114,47.85,9.82,ACCELERATION
7675.0000,-208.6380,425.0610,417,1221,1638,-0.490842,0.00519000,14.7800,0.420000,-0.580000,1.000000,61.400000,1.983000,-11.124000,30.88,0.00116,54.90,10.81,ACCELERATION
7690.0000,244.2690,331.4190,1156,175,1331,0.737040,0.00498000,14.4100,0.340000,-0.660000,1.000000,63.780000,1.856000,-9.733000,31.58,0.00115,36.92,31.58,RESIST/SUPPORT
7700.0000,94.6710,956.1300,2231,1829,4060,0.099015,0.00471000,14.2100,0.290000,-0.710000,1.000000,66.910000,1.729000,-8.568000,34.23,0.00123,24.87,34.23,RESIST/SUPPORT
7710.0000,63.7980,237.8320,695,401,1096,0.268248,0.00434000,14.0400,0.240000,-0.760000,1.000000,71.170000,1.575000,-7.305000,20.01,0.00099,24.76,20.01,RESIST/SUPPORT
7720.0000,-2.9325,206.2525,520,535,1055,-0.014218,0.00391000,13.8600,0.190000,-0.810000,1.000000,76.370000,1.399000,-5.998000,15.28,0.00091,30.01,5.35,ACCELERATION
7725.0000,386.8180,647.3880,2818,710,3528,0.597506,0.00367000,13.8200,0.170000,-0.820000,0.990000,79.430000,1.310000,-5.400000,40.89,0.00125,36.64,40.89,RESIST/SUPPORT
7730.0000,-49.5635,186.0775,398,687,1085,-0.266359,0.00343000,13.7500,0.160000,-0.840000,1.000000,82.610000,1.217000,-4.799000,17.48,0.00092,37.30,6.12,ACCELERATION
7750.0000,254.4920,436.5160,2832,746,3578,0.583007,0.00244000,13.5200,0.090000,-0.910000,1.000000,97.280000,0.854000,-2.779000,31.92,0.00110,34.24,31.92,RESIST/SUPPORT
7760.0000,36.8150,189.0500,1135,765,1900,0.194737,0.00199000,13.4800,0.070000,-0.930000,1.000000,105.570000,0.694000,-2.051000,15.82,0.00086,22.50,15.82,RESIST/SUPPORT
7775.0000,49.0700,86.1700,966,265,1231,0.569456,0.00140000,13.3900,0.050000,-0.950000,1.000000,118.760000,0.485000,-1.229000,15.35,0.00082,29.96,15.35,RESIST/SUPPORT
7780.0000,57.8125,65.6875,988,63,1051,0.880114,0.00125000,13.4400,0.040000,-0.960000,1.000000,123.400000,0.434000,-1.057000,16.79,0.00083,36.56,16.79,RESIST/SUPPORT
7800.0000,108.1125,140.6625,3317,434,3751,0.768595,0.00075000,13.5800,0.020000,-0.980000,1.000000,142.320000,0.262000,-0.542000,22.34,0.00094,35.82,22.34,RESIST/SUPPORT
7825.0000,27.9400,30.3160,1324,54,1378,0.921626,0.00044000,14.3600,0.010000,-0.990000,1.000000,166.840000,0.162000,-0.306000,15.20,0.00080,37.23,15.20,RESIST/SUPPORT
